Date,Adj Close,Close,High,Low,Open,Volume
2015-09-03,11.31,15.85,16.42,15.6,16.39,3108100
2015-09-04,10.82,15.16,15.88,14.82,15.68,4299100
2015-09-08,10.96,15.36,15.46,15.21,15.3,2556100
2015-09-09,10.72,15.02,15.52,15.01,15.52,2717700
2015-09-10,10.53,14.75,14.9,14.43,14.7,3930000
2015-09-11,10.17,14.25,14.64,14.24,14.57,4639800
2015-09-14,10.38,14.55,14.65,14.3,14.3,3392000
2015-09-15,10.21,14.3,14.6,14.1,14.39,1727800
2015-09-16,10.63,14.9,15.07,14.35,14.42,2995100
2015-09-17,11.1,15.56,15.78,14.78,14.78,3409600
2015-09-18,10.67,14.95,15.43,14.69,15.25,3355100
2015-09-21,10.56,14.8,14.96,14.53,14.75,1746800
2015-09-22,10.85,15.2,15.33,14.31,14.62,2885600
2015-09-23,10.49,14.7,15.32,14.7,15.17,4047800
2015-09-24,10.27,14.39,14.63,14.06,14.36,2907800
2015-09-25,10.69,14.98,15.35,14.68,14.7,2923700
2015-09-28,10.56,14.8,15.0,14.64,14.98,1437500
2015-09-29,10.5,14.71,14.95,14.65,14.9,1882600
2015-09-30,10.91,15.28,15.28,14.83,15.13,2892400
2015-10-01,10.76,15.07,15.39,14.76,15.39,4088700
2015-10-02,11.3,15.83,15.83,14.99,15.04,3754100
2015-10-05,11.41,15.99,16.27,15.93,16.15,1428900
2015-10-06,11.8,16.53,16.6,15.87,15.92,3969600
2015-10-07,12.31,17.25,17.46,16.54,16.73,3271800
2015-10-08,12.31,17.25,17.6,17.13,17.25,2168600
2015-10-09,12.62,17.69,17.87,17.3,17.43,2984800
2015-10-13,11.83,16.57,17.64,16.57,17.41,1858700
2015-10-14,11.72,16.42,17.02,15.97,16.56,4821800
2015-10-15,11.74,16.45,17.21,16.26,16.41,3787700
2015-10-16,11.56,16.2,16.5,15.94,16.49,5110500
2015-10-19,11.91,16.69,16.78,16.05,16.36,3969800
2015-10-20,11.74,16.45,16.85,16.2,16.69,2195200
2015-10-21,11.71,16.41,16.55,16.21,16.4,1837700
2015-10-22,11.65,16.33,16.62,16.3,16.52,2399500
2015-10-23,12.06,16.9,17.18,16.47,16.54,7613300
2015-10-26,12.13,17.0,17.09,16.9,16.96,1675400
2015-10-27,12.15,17.03,17.36,16.9,17.0,2882900
2015-10-28,12.95,18.15,18.5,17.95,17.96,1039800
2015-10-29,12.45,17.45,17.77,17.23,17.71,3640000
2015-10-30,12.49,17.5,17.8,17.31,17.5,4539000
2015-11-03,15.13,21.2,21.5,20.42,20.79,12010800
2015-11-04,15.34,21.5,22.04,20.59,21.44,5040100
2015-11-05,15.27,21.4,21.87,21.21,21.49,1981400
2015-11-06,15.37,21.53,21.8,21.06,21.39,2516300
2015-11-09,15.27,21.4,21.6,21.22,21.38,1716800
2015-11-10,15.16,21.24,21.47,20.98,21.15,3959900
2015-11-11,15.21,21.31,21.61,21.02,21.26,3423400
2015-11-12,15.37,21.53,21.77,21.3,21.3,1991300
2015-11-13,15.12,21.19,21.87,21.05,21.35,1785800
2015-11-16,15.02,21.04,21.41,20.94,21.11,1263500
2015-11-17,15.4,21.58,21.71,21.25,21.26,1387900
2015-11-18,15.39,21.57,21.68,21.21,21.58,2425600
2015-11-19,15.66,21.94,22.18,21.26,21.8,2415700
2015-11-23,16.11,22.58,22.71,21.7,21.99,2420000
2015-11-24,16.34,22.89,22.98,22.25,22.25,2396300
2015-11-25,16.23,22.74,22.82,22.33,22.52,2638600
2015-11-26,16.31,22.85,23.19,22.4,22.75,2487400
2015-11-27,16.26,22.79,23.3,22.47,22.56,3977000
2015-11-30,15.99,22.4,22.78,22.33,22.49,5166800
2015-12-01,16.17,22.66,22.85,22.04,22.49,3057300
2015-12-02,16.41,23.0,23.21,22.42,22.5,4488600
2015-12-03,16.63,23.3,23.98,23.01,23.01,4155200
2015-12-04,16.2,22.7,23.39,22.61,23.19,2795400
2015-12-07,16.76,23.48,23.76,23.08,23.2,6296200
2015-12-08,16.77,23.5,23.88,23.4,23.54,4432800
2015-12-09,16.81,23.55,23.7,23.15,23.7,2896800
2015-12-10,16.45,23.05,23.6,22.82,23.6,3671900
2015-12-11,16.32,22.87,23.29,22.72,22.75,2874900
2015-12-14,16.14,22.62,23.02,22.4,22.76,2223800
2015-12-15,15.83,22.18,22.68,22.01,22.51,2101600
2015-12-16,15.52,21.75,22.15,21.48,22.08,3389700
2015-12-17,15.99,22.4,22.75,21.87,21.87,3369600
2015-12-18,15.52,21.75,21.94,21.52,21.91,3466700
2015-12-21,15.45,21.65,21.85,21.34,21.64,1599400
2015-12-22,15.19,21.29,21.72,21.16,21.65,1942000
2015-12-23,15.37,21.53,21.68,21.18,21.18,1269200
2015-12-28,15.44,21.63,21.89,21.29,21.42,884600
2015-12-29,15.53,21.76,21.96,21.53,21.66,823000
2015-12-30,15.49,21.71,21.91,21.45,21.6,1422400
2016-01-04,15.05,21.09,21.56,20.75,21.29,2132000
2016-01-05,15.23,21.34,21.74,20.83,20.83,1145000
2016-01-06,15.32,21.46,21.85,20.84,21.0,2451700
2016-01-07,15.07,21.11,21.32,20.92,21.0,2013100
2016-01-08,15.06,21.1,21.18,20.69,21.01,1397700
2016-01-11,14.97,20.98,21.2,20.32,20.99,1954400
2016-01-12,15.45,21.65,21.8,20.8,20.87,2597000
2016-01-13,15.49,21.7,21.99,21.51,21.57,2650200
2016-01-14,15.13,21.2,22.16,20.82,21.8,2773600
2016-01-15,14.97,20.97,21.3,20.75,20.9,3229000
2016-01-18,14.81,20.75,21.37,20.26,20.75,1785800
2016-01-19,14.92,20.9,21.42,20.5,21.13,1426200
2016-01-20,14.67,20.55,20.78,19.8,20.42,2680400
2016-01-21,14.99,21.0,21.24,20.14,20.33,3165400
2016-01-22,15.27,21.4,21.7,21.06,21.1,2201300
2016-01-26,15.34,21.5,21.72,21.01,21.01,2597200
2016-01-27,15.88,22.25,22.36,21.32,21.32,3909200
2016-01-28,15.84,22.2,22.68,21.82,22.5,2246100
2016-01-29,15.95,22.35,22.61,22.16,22.34,4212900
2016-02-01,16.84,23.6,23.78,22.8,23.0,5278800
2016-02-02,16.79,23.52,23.94,23.17,23.28,2323800
2016-02-03,16.66,23.34,23.89,23.08,23.74,3316000
2016-02-04,17.02,23.85,24.18,23.42,23.59,3234500
2016-02-05,17.29,24.22,24.57,23.8,23.8,2861800
2016-02-10,17.06,23.91,24.43,23.71,24.39,2228800
2016-02-11,16.81,23.55,23.85,23.26,23.6,3503300
2016-02-12,16.71,23.41,23.79,23.13,23.51,3369600
2016-02-15,16.81,23.56,23.89,23.43,23.7,1366400
2016-02-16,16.88,23.65,23.86,23.34,23.68,2025900
2016-02-17,17.09,23.95,24.1,23.41,23.85,2704200
2016-02-18,17.31,24.25,24.41,23.71,23.8,1497400
2016-02-19,17.41,24.39,24.85,23.91,24.09,2028700
2016-02-22,17.38,24.35,24.89,23.74,24.66,2475500
2016-02-23,17.4,24.38,24.85,24.05,24.25,1943100
2016-02-24,17.36,24.33,24.5,23.83,23.92,1679500
2016-02-25,17.63,24.7,25.15,23.87,24.37,2434900
2016-02-26,17.68,24.77,25.23,24.65,24.98,1826900
2016-02-29,17.98,25.2,25.62,24.65,25.0,3371700
2016-03-01,18.39,25.77,26.02,25.24,25.48,3326800
2016-03-02,18.92,26.51,26.67,25.76,25.9,5058400
2016-03-03,18.66,26.14,26.87,25.85,26.59,5242200
2016-03-04,18.63,26.1,26.92,25.79,26.26,5148100
2016-03-07,18.45,25.85,26.51,25.6,26.28,3426900
2016-03-08,18.55,25.99,26.27,25.6,25.92,3027100
2016-03-09,18.76,26.29,26.73,26.06,26.12,5394100
2016-03-10,19.13,26.8,27.18,26.05,26.81,3693000
2016-03-11,19.37,27.14,27.4,26.64,26.64,1879200
2016-03-14,19.17,26.86,27.23,26.61,27.05,2403100
2016-03-15,19.03,26.66,27.11,26.05,26.77,1778600
2016-03-16,18.98,26.59,26.82,25.79,26.47,2426200
2016-03-17,19.26,26.99,27.58,26.93,27.0,2552100
2016-03-18,19.69,27.59,27.8,27.22,27.22,4487300
2016-03-21,20.13,28.21,28.44,27.6,27.63,4223200
2016-03-22,20.3,28.44,28.7,28.01,28.24,2109900
2016-03-23,20.31,28.46,28.66,28.16,28.26,2052100
2016-03-24,20.03,28.07,28.44,27.84,28.08,4198900
2016-03-28,20.2,28.3,28.5,28.01,28.44,1886700
2016-03-29,20.34,28.5,28.72,28.18,28.18,2158200
2016-03-30,20.35,28.51,28.91,28.31,28.6,2737100
2016-03-31,20.15,28.23,28.23,28.23,28.23,500
2016-04-01,20.2,28.31,28.31,28.31,28.31,200
2016-04-04,19.95,27.95,27.95,27.95,27.95,5300
2016-04-05,19.8,27.74,27.74,27.74,27.74,1600
2016-04-06,19.8,27.75,27.75,27.75,27.75,4300
2016-04-07,19.79,27.73,27.73,27.73,27.73,100
2016-04-08,20.02,28.05,28.58,27.93,28.25,1896600
2016-04-11,20.11,28.18,28.18,28.18,28.18,8600
2016-04-12,20.42,28.61,28.61,28.61,28.61,2100
2016-04-13,20.2,28.31,28.31,28.31,28.31,5200
2016-04-14,20.84,29.2,29.33,28.62,28.7,3343400
2016-04-15,20.68,28.94,29.76,28.94,29.25,2591100
2016-04-18,20.44,28.6,29.19,28.26,28.92,3279700
2016-04-19,20.5,28.69,28.69,28.69,28.69,600
2016-04-20,20.79,29.09,29.26,28.4,28.51,1601500
2016-04-22,20.7,28.96,29.1,28.51,28.72,1484900
2016-04-25,20.73,29.01,29.3,28.78,28.82,879000
2016-04-26,20.55,28.76,29.28,28.36,29.28,2069500
2016-04-27,20.98,29.36,29.49,28.45,29.07,3060100
2016-04-28,21.52,30.11,30.32,29.23,29.28,2665200
2016-04-29,21.68,30.34,30.67,30.2,30.21,2704400
2016-05-02,22.09,30.91,31.0,30.26,30.35,1992200
2016-05-03,21.9,30.43,30.74,30.13,30.47,1117500
2016-05-04,22.05,30.65,30.82,29.7,30.55,2593400
2016-05-05,21.95,30.5,31.0,30.3,30.68,1113800
2016-05-06,21.69,30.15,30.6,29.78,30.43,1827300
2016-05-09,21.7,30.16,30.46,29.74,29.9,1327200
2016-05-10,22.28,30.97,31.09,30.33,30.55,2110000
2016-05-11,22.64,31.47,31.78,31.11,31.62,1065700
2016-05-12,22.69,31.53,32.11,31.32,31.43,1810000
2016-05-13,22.68,31.52,31.71,31.01,31.37,2021000
2016-05-16,22.48,31.24,31.43,30.97,31.26,888000
2016-05-17,22.08,30.69,31.39,30.6,31.18,2518500
2016-05-18,21.66,30.1,30.69,29.9,30.69,2191900
2016-05-19,21.51,29.89,30.21,29.79,29.93,1558600
2016-05-20,21.33,29.64,30.14,29.39,29.94,2003500
2016-05-23,21.06,29.27,29.53,28.5,28.5,2336700
2016-05-24,20.93,29.09,29.61,28.96,29.5,1993700
2016-05-25,20.59,28.62,29.34,28.6,29.19,3055400
2016-05-27,20.46,28.44,29.02,28.17,28.62,1837000
2016-05-30,20.57,28.59,28.92,28.17,28.17,608300
2016-05-31,20.51,28.5,28.73,28.12,28.45,2967800
2016-06-01,20.36,28.3,28.74,27.99,28.37,2953000
2016-06-02,20.71,28.78,28.97,28.27,28.33,2718000
2016-06-03,21.06,29.27,29.44,28.98,29.3,2079400
2016-06-06,20.97,29.14,29.6,28.97,29.56,1253400
2016-06-07,20.87,29.0,29.19,28.63,29.01,1267100
2016-06-08,20.95,29.11,29.58,28.95,29.13,1687200
2016-06-09,20.88,29.02,29.4,28.83,29.26,811200
2016-06-10,20.57,28.59,28.87,28.4,28.87,1426200
2016-06-13,20.36,28.3,28.67,28.1,28.33,1802000
2016-06-14,19.98,27.77,28.39,27.5,28.16,2121500
2016-06-15,20.11,27.95,28.35,27.65,27.82,2726600
2016-06-16,20.08,27.9,27.96,27.42,27.86,1788900
2016-06-17,20.08,27.9,28.2,27.72,28.0,3200900
2016-06-20,20.44,28.41,28.86,28.29,28.4,2165600
2016-06-21,20.66,28.71,28.83,28.27,28.27,2287300
2016-06-22,20.46,28.43,28.73,28.13,28.57,2098900
2016-06-23,20.76,28.85,29.11,28.35,28.57,2586900
2016-06-24,20.38,28.32,28.61,27.95,28.01,2256400
2016-06-27,20.4,28.35,28.6,27.94,27.95,1086300
2016-06-28,18.67,25.95,27.4,25.9,26.5,9014100
2016-06-29,16.01,22.25,26.13,22.25,26.13,34540300
2016-06-30,16.79,23.34,23.44,22.5,22.95,13716100
2016-07-01,17.1,23.76,23.9,23.42,23.7,9867700
2016-07-04,17.56,24.4,24.75,23.86,23.9,4848500
2016-07-05,17.36,24.12,24.4,23.81,24.3,2550900
2016-07-06,17.05,23.7,24.1,23.58,24.1,2529100
2016-07-07,17.56,24.41,24.7,23.71,23.89,6072100
2016-07-08,17.78,24.71,24.88,24.52,24.7,6192200
2016-07-11,17.81,24.75,25.09,24.52,24.98,4582400
2016-07-12,17.79,24.73,24.98,24.55,24.9,3545800
2016-07-13,17.97,24.97,25.74,24.65,24.87,3375900
2016-07-14,18.19,25.28,25.45,25.1,25.4,2748000
2016-07-15,18.2,25.3,25.35,24.94,25.19,2597700
2016-07-18,18.24,25.35,25.4,24.99,25.24,1536800
2016-07-19,18.46,25.65,25.8,25.12,25.35,2874700
2016-07-20,18.47,25.67,25.99,25.01,25.9,3116800
2016-07-21,18.42,25.6,25.76,25.35,25.76,4432100
2016-07-22,18.46,25.65,25.91,25.5,25.74,3132200
2016-07-25,18.71,26.0,26.25,25.6,26.21,6939200
2016-07-26,19.07,26.5,26.73,25.89,25.9,3892600
2016-07-27,19.47,27.06,27.16,26.44,26.52,3881200
2016-07-28,19.82,27.29,27.34,26.72,26.73,3366000
2016-07-29,19.94,27.45,27.73,27.27,27.39,2888000
2016-08-01,19.52,26.88,27.35,26.68,27.24,2796000
2016-08-02,19.43,26.76,27.12,26.55,26.84,1606900
2016-08-03,19.81,27.28,27.4,26.51,26.51,1537700
2016-08-04,19.67,27.09,27.7,26.96,27.3,2686300
2016-08-05,19.85,27.33,27.39,27.02,27.15,1636100
2016-08-08,19.89,27.39,27.45,27.07,27.41,937800
2016-08-09,19.97,27.5,27.95,27.23,27.43,1558700
2016-08-10,19.95,27.47,27.79,27.17,27.67,1430000
2016-08-11,20.23,27.85,27.91,27.21,27.22,2173700
2016-08-12,20.13,27.72,28.03,27.66,27.9,1469900
2016-08-15,20.29,27.94,28.21,27.53,27.6,1354300
2016-08-16,20.23,27.85,28.08,27.64,27.69,2767000
2016-08-17,20.19,27.8,27.94,27.44,27.64,1873300
2016-08-18,19.87,27.36,27.79,27.28,27.58,1436000
2016-08-19,19.96,27.49,27.73,27.04,27.06,2079300
2016-08-22,19.68,27.1,27.38,26.9,27.26,2169600
2016-08-23,19.14,26.36,27.29,26.14,27.1,3761300
2016-08-24,19.18,26.41,26.69,25.84,26.36,1982600
2016-08-25,18.92,26.05,26.41,25.9,26.41,1681800
2016-08-26,18.91,26.04,26.7,25.69,25.92,2494100
2016-08-29,19.17,26.4,26.48,25.98,25.98,1179100
2016-08-30,19.28,26.55,26.75,26.17,26.27,1143900
2016-08-31,18.96,26.1,26.68,26.0,26.61,3456800
2016-09-01,19.2,26.44,26.62,25.73,26.07,2696100
2016-09-02,19.81,27.28,27.35,26.47,26.7,3332200
2016-09-05,19.94,27.45,27.73,27.28,27.32,1487200
2016-09-06,20.48,28.2,28.42,27.44,27.71,3073300
2016-09-08,20.29,27.94,28.21,27.58,28.2,3429000
2016-09-09,19.65,27.05,27.6,26.91,27.6,2342400
2016-09-12,19.83,27.31,27.69,27.15,27.58,1798800
2016-09-13,19.4,26.71,27.35,26.15,27.31,2180900
2016-09-14,19.4,26.71,26.97,26.37,26.52,1357900
2016-09-15,19.93,27.44,27.75,26.72,26.72,2637600
2016-09-16,19.43,26.76,27.5,26.6,27.5,1818700
2016-09-19,19.51,26.86,26.98,26.62,26.98,756800
2016-09-20,19.49,26.83,27.09,26.62,26.86,1202300
2016-09-21,20.07,27.64,27.67,26.76,26.9,2771500
2016-09-22,20.45,28.16,28.52,27.65,27.9,3769400
2016-09-23,20.48,28.2,28.5,27.92,28.17,2425800
2016-09-26,20.23,27.86,28.19,27.62,28.19,1375100
2016-09-27,20.23,27.86,28.11,27.56,28.05,1432500
2016-09-28,20.27,27.91,28.2,27.68,27.86,1567500
2016-09-29,20.22,27.84,28.11,27.37,28.0,2008900
2016-09-30,20.24,27.87,28.28,27.39,27.77,2715400
2016-10-03,20.81,28.65,28.91,27.94,28.15,4372100
2016-10-04,20.83,28.68,29.06,28.2,28.94,1754100
2016-10-05,21.12,29.08,29.26,28.75,28.94,1224600
2016-10-06,20.94,28.83,29.08,28.62,29.08,2409700
2016-10-07,20.77,28.6,29.11,28.24,29.1,2107300
2016-10-10,20.81,28.65,28.94,28.2,28.92,1289500
2016-10-11,20.76,28.58,28.72,28.22,28.65,1514900
2016-10-13,20.04,27.59,28.58,26.96,28.58,6643400
2016-10-14,20.29,27.94,28.27,27.4,27.66,2798700
2016-10-17,20.31,27.96,28.16,27.64,27.74,2288500
2016-10-18,20.63,28.41,28.69,27.74,27.96,2939000
2016-10-19,20.63,28.4,28.69,28.04,28.41,2771800
2016-10-20,20.53,28.27,28.49,27.85,28.09,2278700
2016-10-21,20.63,28.4,28.68,27.97,28.1,3327600
2016-10-24,20.53,28.27,28.61,28.11,28.4,1572900
2016-10-25,19.49,26.84,28.0,26.36,28.0,6757300
2016-10-26,19.08,26.27,27.07,26.1,26.97,5999900
2016-10-27,19.5,26.85,27.04,26.18,26.3,3084600
2016-10-28,19.55,26.92,27.25,26.6,26.85,1940000
2016-10-31,19.43,26.76,27.65,26.42,27.47,3055200
2016-11-01,18.88,26.0,27.11,25.95,27.0,4285400
2016-11-03,18.62,25.64,26.06,25.44,25.88,4091400
2016-11-04,18.32,25.22,25.9,25.09,25.71,2967600
2016-11-07,18.72,25.78,26.14,25.49,25.94,3021600
2016-11-08,18.78,25.86,26.1,25.64,25.9,2169500
2016-11-09,18.8,25.89,26.16,24.8,25.0,3153000
2016-11-10,18.1,24.92,26.13,24.59,26.0,4328900
2016-11-11,17.63,24.28,25.01,23.71,24.52,5351600
2016-11-14,17.87,24.6,25.07,23.89,24.0,2924300
2016-11-16,18.41,25.35,25.65,24.52,24.6,4275600
2016-11-17,18.21,25.08,25.81,25.02,25.55,2815300
2016-11-18,18.37,25.29,25.49,24.8,25.09,2409000
2016-11-21,18.37,25.3,25.5,24.93,25.25,4491500
2016-11-22,18.93,26.07,26.19,25.51,25.65,7437800
2016-11-23,18.74,25.8,26.24,25.6,26.04,2839400
2016-11-24,18.64,25.66,25.97,25.57,25.79,725600
2016-11-25,18.74,25.81,26.07,25.17,25.5,1214700
2016-11-28,18.72,25.78,25.9,25.36,25.56,7183100
2016-11-29,18.5,25.47,25.68,25.26,25.63,1706900
2016-11-30,18.86,25.97,26.22,25.51,25.7,2990500
2016-12-01,18.07,24.88,25.54,24.5,25.33,4106400
2016-12-02,18.01,24.8,25.08,24.02,24.45,2736000
2016-12-05,18.17,25.02,25.2,24.63,25.08,1926700
2016-12-06,18.64,25.66,25.84,24.62,24.74,3397200
2016-12-07,18.72,25.78,26.0,25.09,26.0,2789700
2016-12-08,18.79,25.87,26.17,25.41,25.85,2111500
2016-12-09,18.8,25.89,26.18,25.44,26.01,2573600
2016-12-12,18.26,25.14,25.7,24.8,25.7,1959600
2016-12-13,18.21,25.08,25.41,24.7,24.85,1856700
2016-12-14,18.05,24.85,25.28,24.55,25.09,2570300
2016-12-15,18.24,25.11,25.4,24.32,24.67,1974900
2016-12-16,18.29,25.19,25.71,24.95,25.25,2001400
2016-12-19,18.11,24.94,25.4,24.7,25.19,4397900
2016-12-20,17.85,24.58,25.14,24.47,25.12,2066600
2016-12-21,17.85,24.58,24.58,24.58,24.58,1882800
2016-12-22,17.58,24.21,25.82,23.97,25.7,3456200
2016-12-23,18.15,24.99,25.25,24.82,24.82,3257600
2016-12-26,18.48,25.45,25.64,25.02,25.02,1640600
2016-12-27,18.9,26.03,26.3,25.72,25.8,3138800
2016-12-28,18.95,26.09,26.19,25.8,25.96,2246700
2016-12-29,18.98,26.13,26.15,25.82,26.15,1935600
2017-01-02,19.01,26.17,26.17,25.8,26.05,1061500
2017-01-03,19.54,26.9,27.08,26.03,26.18,6353500
2017-01-04,19.65,27.06,27.2,26.75,27.1,1474100
2017-01-05,19.64,27.04,27.2,26.81,27.0,2362700
2017-01-06,19.49,26.83,27.05,26.61,27.05,1955900
2017-01-09,19.44,26.77,26.85,26.63,26.79,1242200
2017-01-10,19.31,26.59,26.92,26.49,26.79,1320300
2017-01-11,19.13,26.34,26.9,25.9,26.61,3326600
2017-01-12,19.36,26.66,27.08,26.6,26.94,4582700
2017-01-13,18.95,26.09,26.68,26.02,26.5,3520500
2017-01-16,18.94,26.08,26.35,25.8,26.07,1523800
2017-01-17,18.9,26.03,26.26,25.67,26.0,2997600
2017-01-18,19.03,26.2,26.27,26.05,26.05,1950500
2017-01-19,19.06,26.25,26.26,25.96,26.26,2710100
2017-01-20,19.66,27.07,27.16,26.14,26.25,3425000
2017-01-23,19.86,27.35,27.43,26.91,27.01,2800300
2017-01-24,20.23,27.85,27.94,27.2,27.35,3871300
2017-01-26,20.67,28.46,28.55,27.81,27.9,3988200
2017-01-27,20.65,28.44,28.49,28.18,28.47,2875400
2017-01-30,20.3,27.95,28.54,27.78,28.43,2555800
2017-01-31,20.3,27.95,28.35,27.77,27.97,2544400
2017-02-01,20.3,27.95,28.55,27.83,28.34,5180100
2017-02-02,20.47,28.19,28.37,27.8,27.88,2414200
2017-02-03,20.63,28.4,28.47,28.03,28.33,2158400
2017-02-06,20.5,28.23,28.68,27.93,28.51,2461200
2017-02-07,20.28,27.92,28.47,27.72,28.47,2059500
2017-02-08,20.6,28.36,28.36,27.77,27.92,1579300
2017-02-09,20.68,28.48,28.75,28.32,28.5,2041700
2017-02-10,20.76,28.59,28.66,28.05,28.66,1848200
2017-02-13,20.92,28.8,29.1,28.76,28.96,1873300
2017-02-14,20.67,28.46,29.1,28.35,29.0,2236300
2017-02-15,21.09,29.04,29.25,28.57,28.7,2809500
2017-02-16,20.62,27.8,28.3,27.19,28.3,5791100
2017-02-17,20.21,27.25,27.81,27.22,27.72,3380000
2017-02-20,20.23,27.28,27.62,27.03,27.31,1181000
2017-02-21,20.3,27.37,27.7,27.17,27.5,1856700
2017-02-22,20.1,27.11,27.42,26.84,27.4,3024200
2017-02-23,20.05,27.04,27.25,26.7,27.13,3252300
2017-02-24,20.09,27.09,27.39,26.45,26.72,2838600
2017-03-01,19.99,26.95,27.12,26.38,27.09,2755800
2017-03-02,20.04,27.02,27.15,26.69,26.71,2981400
2017-03-03,20.22,27.26,27.39,26.69,27.02,2294000
2017-03-06,20.18,27.21,27.61,26.9,27.31,1682000
2017-03-07,20.08,27.08,27.28,26.78,27.22,2223000
2017-03-08,20.13,27.14,27.2,26.49,27.11,5345500
2017-03-09,20.33,27.42,27.58,27.15,27.31,4286800
2017-03-10,20.47,27.61,27.84,27.31,27.47,2094000
2017-03-13,20.68,27.88,28.0,27.57,27.62,1910200
2017-03-14,20.96,28.27,28.4,27.64,27.79,4886800
2017-03-15,21.08,28.43,28.6,28.15,28.32,11760400
2017-03-16,21.39,28.85,28.95,28.34,28.4,4696800
2017-03-17,21.62,29.15,29.47,28.9,28.9,5192100
2017-03-20,21.74,29.32,29.47,28.91,29.01,3983300
2017-03-21,21.58,29.1,29.33,28.64,29.27,2747700
2017-03-22,21.13,28.5,29.05,27.73,29.05,4430100
2017-03-23,21.16,28.54,28.89,28.25,28.47,2711400
2017-03-24,21.27,28.68,28.97,28.49,28.49,1831800
2017-03-27,21.43,28.9,29.3,28.45,28.67,1520800
2017-03-28,21.4,28.86,29.2,28.62,29.0,1644000
2017-03-29,21.51,29.0,29.08,28.79,28.91,2256400
2017-03-30,21.7,29.26,29.38,28.97,29.1,1992500
2017-03-31,21.51,29.0,29.36,28.56,29.21,2043800
2017-04-03,21.59,29.11,29.35,28.91,29.05,1984100
2017-04-04,21.53,29.03,29.68,28.82,29.2,1759500
2017-04-05,21.54,29.04,29.3,28.76,29.08,2323700
2017-04-06,21.63,29.17,29.42,28.9,28.99,1787100
2017-04-07,21.57,29.09,29.74,28.75,29.15,2303900
2017-04-10,21.68,29.24,29.43,28.88,29.28,1848400
2017-04-11,22.3,30.07,30.34,29.15,29.27,4324700
2017-04-12,21.74,29.32,29.99,29.25,29.95,9222200
2017-04-13,21.8,29.4,29.66,28.54,29.09,2945900
2017-04-17,22.08,29.77,29.89,29.54,29.61,4443400
2017-04-18,22.03,29.71,29.93,29.49,29.74,1874500
2017-04-19,21.96,29.61,29.9,29.34,29.9,1568200
2017-04-20,21.71,29.23,29.75,29.11,29.7,2486900
2017-04-24,22.55,30.35,31.38,30.0,30.0,14506100
2017-04-25,22.29,30.0,30.46,29.87,30.4,4571400
2017-04-26,22.47,30.25,30.4,29.55,30.16,2945200
2017-04-27,22.32,30.05,30.66,29.82,30.4,1317600
2017-04-28,22.33,30.06,30.32,29.76,30.19,2243200
2017-05-02,22.57,30.38,30.63,29.93,30.3,3350700
2017-05-03,22.56,30.37,30.66,30.14,30.5,2232700
2017-05-04,22.14,29.8,30.44,29.51,30.37,2793900
2017-05-05,22.21,29.9,30.16,29.63,29.8,1843100
2017-05-08,22.43,30.2,30.39,29.94,29.99,2460700
2017-05-09,22.7,30.56,30.65,30.17,30.42,3241400
2017-05-10,23.25,31.3,31.34,30.65,30.65,4595200
2017-05-11,23.38,31.47,31.57,31.2,31.29,1979300
2017-05-12,23.21,31.24,31.64,31.13,31.6,1918400
2017-05-15,23.29,31.35,31.49,30.74,31.11,2734900
2017-05-16,23.34,31.42,31.63,31.15,31.33,2737100
2017-05-17,22.92,30.85,31.24,30.61,31.1,2573300
2017-05-18,21.49,28.93,29.52,25.95,26.23,6524500
2017-05-19,21.92,29.51,29.7,28.5,28.8,4902100
2017-05-22,21.68,29.18,29.67,28.61,28.91,3919600
2017-05-23,22.21,29.9,29.94,28.83,29.15,4088000
2017-05-24,22.29,30.0,30.64,29.9,30.1,4715900
2017-05-25,22.43,30.2,30.61,30.11,30.3,2325200
2017-05-26,22.29,30.0,30.76,29.92,30.49,1723700
2017-05-29,22.29,30.0,30.0,30.0,30.0,0
2017-05-30,22.54,30.34,30.47,30.12,30.12,2049100
2017-05-31,21.91,29.5,30.32,29.5,30.32,2762300
2017-06-01,22.06,29.7,29.97,29.51,29.53,1707000
2017-06-02,21.95,29.55,29.79,29.37,29.72,1306400
2017-06-05,21.92,29.51,29.67,28.91,29.4,1468400
2017-06-06,21.88,29.45,29.58,29.05,29.45,1121700
2017-06-07,22.14,29.8,29.85,29.35,29.6,1585700
2017-06-08,21.97,29.58,29.72,29.4,29.72,3183900
2017-06-09,21.41,28.82,29.51,28.8,29.43,2558300
2017-06-12,21.33,28.72,28.96,28.24,28.81,1389200
2017-06-13,21.32,28.7,29.03,28.5,28.71,1436200
2017-06-14,21.41,28.82,29.08,28.54,28.62,2010800
2017-06-15,21.41,28.82,28.82,28.82,28.82,0
2017-06-16,21.62,29.1,29.18,28.44,28.68,2282200
2017-06-19,21.84,29.4,29.59,29.07,29.09,3255600
2017-06-20,21.83,29.38,29.49,29.23,29.41,3028900
2017-06-21,21.54,29.0,29.95,28.71,29.87,2195100
2017-06-22,21.59,29.07,29.21,28.65,29.21,958200
2017-06-23,21.51,28.95,29.4,28.86,29.17,1336400
2017-06-26,20.79,27.98,28.19,27.7,27.89,1862600
2017-06-27,20.65,27.8,27.97,27.59,27.97,1860500
2017-06-28,20.61,27.75,27.85,27.63,27.78,1183900
2017-06-29,20.69,27.85,27.91,27.56,27.79,986700
2017-06-30,20.65,27.8,28.01,27.64,27.88,2121500
2017-07-03,20.84,28.06,28.06,27.71,27.98,1159600
2017-07-04,20.91,28.15,28.3,27.88,28.03,338600
2017-07-05,21.05,28.33,28.44,27.71,28.24,1362500
2017-07-06,20.54,27.65,28.43,27.6,28.33,1834800
2017-07-07,20.84,28.06,28.62,27.78,27.82,2467300
2017-07-10,20.77,27.96,28.59,27.77,28.27,1298300
2017-07-11,21.27,28.63,28.66,27.94,28.22,2132500
2017-07-12,21.54,29.0,29.39,28.66,28.66,1933400
2017-07-13,21.77,29.31,29.33,28.97,29.05,1259600
2017-07-14,21.57,29.03,29.54,28.7,29.3,1953800
2017-07-17,21.39,28.8,29.03,28.46,29.03,1801700
2017-07-18,21.53,28.98,28.98,28.55,28.69,1430800
2017-07-19,20.95,28.2,28.99,28.12,28.97,2625500
2017-07-20,20.82,28.03,28.42,28.03,28.34,1741900
2017-07-21,20.85,28.07,28.17,27.9,28.04,910200
2017-07-24,21.06,28.35,28.4,28.1,28.16,748300
2017-07-25,20.76,27.95,28.36,27.33,28.36,4451500
2017-07-26,20.48,27.57,27.87,27.51,27.8,2348200
2017-07-27,20.35,27.4,27.75,27.0,27.61,2529500
2017-07-28,20.28,27.3,27.62,27.2,27.4,1377600
2017-07-31,20.79,27.99,27.99,27.5,27.8,2742900
2017-08-01,20.95,28.2,28.26,27.89,27.96,2888100
2017-08-02,21.79,29.33,30.1,28.17,28.17,4378200
2017-08-03,21.51,28.95,29.45,28.8,29.1,2725400
2017-08-04,22.15,29.82,30.01,29.0,29.0,2659900
2017-08-07,22.25,29.95,30.18,29.53,29.82,1962200
2017-08-08,22.1,29.75,30.1,29.61,29.78,1452000
2017-08-09,22.02,29.64,29.7,29.22,29.62,913200
2017-08-10,21.74,29.27,29.56,29.14,29.41,1245600
2017-08-11,21.94,29.53,29.95,29.19,29.39,1696800
2017-08-14,21.66,29.16,29.84,29.03,29.4,2222900
2017-08-15,21.67,29.17,29.39,28.97,29.31,2497800
2017-08-16,21.77,29.3,29.5,29.07,29.49,2030800
2017-08-17,21.25,28.6,29.36,28.47,29.12,2443800
2017-08-18,21.42,28.84,28.99,28.44,28.76,4076000
2017-08-21,21.48,28.91,29.11,28.6,28.93,1184700
2017-08-22,21.45,28.87,29.2,28.56,28.8,2355200
2017-08-23,21.58,29.05,29.13,28.63,28.87,1590800
2017-08-24,21.8,29.35,29.67,29.27,29.28,1289800
2017-08-25,21.89,29.47,29.89,29.36,29.36,1183300
2017-08-28,22.05,29.68,29.98,29.61,29.95,1128300
2017-08-29,22.02,29.64,29.85,29.01,29.85,2387100
2017-08-30,21.93,29.52,29.69,29.11,29.69,1054100
2017-08-31,21.92,29.51,29.87,29.4,29.6,1650800
2017-09-01,22.0,29.61,29.75,29.53,29.68,1315800
2017-09-04,21.84,29.4,29.71,29.32,29.7,954500
2017-09-05,22.17,29.85,29.88,29.61,29.78,2203100
2017-09-06,22.77,30.65,30.72,29.92,29.92,4846000
2017-09-07,22.77,30.65,30.65,30.65,30.65,0
2017-09-08,23.12,31.12,31.18,30.74,30.74,2392900
2017-09-11,23.39,31.49,32.0,31.25,31.35,2527000
2017-09-12,23.33,31.41,31.95,31.29,31.51,2131000
2017-09-13,23.58,31.74,32.27,31.34,31.34,4252000
2017-09-14,23.81,32.05,32.27,30.86,30.86,5138500
2017-09-15,24.37,32.8,32.8,31.92,31.92,4435400
2017-09-18,24.48,32.95,32.98,32.5,32.79,2220800
2017-09-19,24.91,33.53,33.78,32.63,32.95,2963600
2017-09-20,25.01,33.67,33.87,33.09,33.8,2255600
2017-09-21,24.96,33.6,33.95,33.13,33.86,2081200
2017-09-22,24.55,33.05,33.54,32.8,33.39,1932300
2017-09-25,24.44,32.9,33.12,32.61,33.02,1334100
2017-09-26,24.26,32.66,33.04,32.3,32.71,1060500
2017-09-27,23.99,32.3,32.87,31.9,32.87,2472200
2017-09-28,23.67,31.86,32.5,31.86,32.4,2365200
2017-09-29,23.92,32.2,32.6,31.67,31.97,2151700
2017-10-02,24.35,32.78,32.78,32.07,32.34,1809700
2017-10-03,25.13,33.83,33.83,32.79,33.0,1692600
2017-10-04,25.15,33.86,34.23,33.56,33.83,1480800
2017-10-05,25.44,34.25,34.94,34.04,34.2,2506600
2017-10-06,25.19,33.91,34.24,33.58,34.02,3132700
2017-10-09,25.15,33.86,34.11,33.57,33.84,2882700
2017-10-10,25.74,34.65,34.72,34.04,34.14,2476100
2017-10-11,25.9,34.86,34.95,34.13,34.48,1930000
2017-10-12,25.9,34.86,34.86,34.86,34.86,0
2017-10-13,25.89,34.85,35.05,34.47,34.66,2856300
2017-10-16,25.87,34.83,35.1,34.4,34.85,3467500
2017-10-17,25.84,34.79,35.21,34.62,34.83,4703700
2017-10-18,25.93,34.91,35.11,34.2,34.7,1585900
2017-10-19,25.52,34.35,34.69,34.12,34.56,1306300
2017-10-20,25.33,34.1,34.72,34.1,34.42,1211300
2017-10-23,25.11,33.8,34.59,33.63,34.18,2336000
2017-10-24,25.15,33.86,34.04,33.3,33.5,1628900
2017-10-25,24.96,33.6,34.28,33.22,33.99,2575700
2017-10-26,24.96,33.6,33.92,33.33,33.6,1730800
2017-10-27,25.26,34.0,34.27,33.49,33.62,991900
2017-10-30,25.09,33.78,34.12,33.01,34.0,2089500
2017-10-31,25.41,34.2,34.51,33.87,33.92,2515500
2017-11-01,25.81,34.74,34.93,33.93,34.29,3283400
2017-11-02,25.81,34.74,34.74,34.74,34.74,0
2017-11-03,25.5,34.33,35.14,33.89,34.73,4339400
2017-11-06,25.06,33.74,34.9,33.74,34.32,2136800
2017-11-07,24.22,32.6,34.11,32.55,33.49,4195400
2017-11-08,24.7,33.25,33.86,32.35,32.6,2097000
2017-11-09,24.37,32.8,33.24,32.24,33.24,1899400
2017-11-10,24.0,32.31,32.84,32.01,32.46,1430700
2017-11-13,23.77,32.0,32.56,31.87,32.31,2148600
2017-11-14,24.1,32.44,32.88,31.9,31.9,3127200
2017-11-15,24.1,32.44,32.44,32.44,32.44,0
2017-11-16,24.8,33.39,33.67,32.46,32.46,2355400
2017-11-17,25.22,33.95,34.09,33.08,33.39,2410300
2017-11-20,25.22,33.95,33.95,33.95,33.95,0
2017-11-21,25.38,34.17,34.73,33.9,33.95,1696700
2017-11-22,25.2,33.92,34.37,33.64,34.19,2188900
2017-11-23,24.79,33.37,34.03,33.17,33.92,1298000
2017-11-24,24.89,33.5,33.69,33.19,33.25,663200
2017-11-27,24.89,33.5,33.67,33.1,33.35,1028400
2017-11-28,25.06,33.74,34.25,33.45,33.59,1897000
2017-11-29,24.53,33.02,33.81,32.67,33.64,2329800
2017-11-30,24.4,32.85,33.04,31.68,32.89,4195300
2017-12-01,24.56,33.06,33.24,32.39,32.81,799600
2017-12-04,25.01,33.67,33.9,32.91,33.05,1155500
2017-12-05,25.82,34.76,34.78,33.36,33.36,2686400
2017-12-06,25.9,34.86,35.05,34.5,34.5,2062300
2017-12-07,25.58,34.44,34.79,34.0,34.69,1701800
2017-12-08,25.34,34.11,34.91,34.05,34.77,707800
2017-12-11,25.09,33.78,34.83,33.78,34.45,920500
2017-12-12,25.59,34.45,34.62,33.35,33.51,1115800
2017-12-13,25.26,34.01,35.1,33.61,34.75,1756400
2017-12-14,25.89,34.85,34.85,33.71,33.84,1493600
2017-12-15,25.84,34.79,35.19,34.44,34.51,2634600
2017-12-18,26.29,35.39,35.79,35.01,35.01,1665700
2017-12-19,26.06,35.08,35.56,34.56,35.4,1556600
2017-12-20,26.31,35.42,35.78,35.19,35.43,853300
2017-12-21,26.59,35.8,35.9,35.4,35.51,1455600
2017-12-22,26.74,36.0,36.18,35.62,35.79,624200
2017-12-25,26.74,36.0,36.0,36.0,36.0,0
2017-12-26,26.97,36.3,36.55,36.06,36.2,1187600
2017-12-27,27.26,36.7,36.8,36.49,36.54,947300
2017-12-28,26.74,36.0,36.84,36.0,36.8,1657600
2017-12-29,26.74,36.0,36.0,36.0,36.0,0
2018-01-02,27.41,35.95,36.19,35.33,35.5,1166200
2018-01-03,26.98,35.39,36.17,35.33,35.88,1771500
2018-01-04,27.18,35.65,36.09,35.36,35.75,1861300
2018-01-05,27.43,35.98,35.98,35.58,35.65,1053800
2018-01-08,27.15,35.61,35.99,35.45,35.98,1789200
2018-01-09,27.29,35.8,35.97,35.54,35.9,2046400
2018-01-10,27.18,35.66,35.92,35.38,35.49,860300
2018-01-11,27.3,35.81,36.03,35.53,35.83,1531700
2018-01-12,27.83,36.5,36.61,35.47,35.5,1879000
2018-01-15,27.7,36.33,36.85,36.15,36.5,434100
2018-01-16,27.72,36.36,36.88,36.33,36.35,1281600
2018-01-17,27.73,36.37,36.59,36.01,36.4,867600
2018-01-18,27.46,36.02,36.69,35.91,36.25,1607000
2018-01-19,27.64,36.26,36.63,36.01,36.01,1233800
2018-01-22,27.57,36.16,36.42,36.0,36.42,815100
2018-01-23,27.27,35.77,36.48,35.62,36.12,4684300
2018-01-24,27.81,36.48,36.85,36.0,36.03,1698200
2018-01-25,27.81,36.48,36.48,36.48,36.48,0
2018-01-26,27.44,36.0,37.07,35.94,36.78,1866500
2018-01-29,27.41,35.95,36.2,35.66,35.95,1817600
2018-01-30,27.29,35.8,36.23,35.75,35.8,2241000
2018-01-31,27.7,36.34,36.71,36.03,36.14,2208900
2018-02-01,28.36,37.2,37.65,36.49,36.5,2432000
2018-02-02,28.06,36.81,37.34,36.32,37.15,1933900
2018-02-05,27.43,35.98,36.83,35.83,36.46,1420800
2018-02-06,27.29,35.8,36.28,34.96,35.6,2364700
2018-02-07,27.41,35.95,36.28,35.48,35.48,1459300
2018-02-08,26.96,35.36,36.13,34.88,35.7,1049000
2018-02-09,27.33,35.85,36.09,35.0,35.09,2642000
2018-02-14,28.17,36.95,37.14,35.85,35.85,1596500
2018-02-15,28.21,37.0,37.33,36.73,37.22,1057600
2018-02-16,28.08,36.83,36.99,36.26,36.7,864900
2018-02-19,28.33,37.16,37.21,36.62,36.99,375700
2018-02-20,28.2,36.99,37.5,36.73,36.8,1323300
2018-02-21,28.26,37.07,37.24,36.65,37.0,1305300
2018-02-22,28.21,37.0,37.31,36.68,36.92,1477600
2018-02-23,28.18,36.96,37.3,36.77,37.25,1306100
2018-02-26,26.89,35.27,37.0,34.71,36.5,2655800
2018-02-27,26.61,34.9,35.63,34.67,35.27,1598100
2018-02-28,26.32,34.52,35.1,34.45,35.06,2016100
2018-03-01,26.67,34.99,35.19,34.21,34.33,1355900
2018-03-02,26.99,35.41,35.41,34.62,34.88,1248700
2018-03-05,27.66,36.28,36.43,35.41,35.41,1670600
2018-03-06,27.14,35.6,36.65,35.44,36.35,2095000
2018-03-07,27.83,36.5,36.67,35.44,35.45,1479300
2018-03-08,28.31,37.14,37.42,36.4,36.67,1967200
2018-03-09,28.21,37.0,38.07,36.77,37.49,2323600
2018-03-12,28.44,37.3,37.48,36.75,36.89,1730100
2018-03-13,28.55,37.45,37.96,37.1,37.2,1857100
2018-03-14,28.72,37.67,38.0,37.12,37.6,1379800
2018-03-15,28.18,36.96,37.79,36.94,37.7,1852800
2018-03-16,28.66,37.6,37.66,36.62,36.81,4433800
2018-03-19,28.17,36.95,37.37,36.86,37.37,842000
2018-03-20,27.56,36.15,36.96,36.08,36.69,1662800
2018-03-21,27.5,36.07,36.32,35.73,36.2,974800
2018-03-22,27.37,35.9,36.21,35.37,36.21,1086900
2018-03-23,26.95,35.35,36.14,35.35,35.43,1649900
2018-03-26,27.25,35.75,35.83,35.44,35.82,854300
2018-03-27,26.92,35.31,36.12,35.31,36.12,1337300
2018-03-28,27.24,35.73,35.99,35.04,35.18,1478900
2018-03-29,27.57,36.16,36.6,35.63,35.88,3484000
2018-04-02,27.02,35.44,36.3,35.06,35.88,951100
2018-04-03,26.95,35.35,35.88,35.2,35.88,3127800
2018-04-04,27.49,36.06,36.18,34.6,34.91,2399900
2018-04-05,27.97,36.69,36.7,35.82,36.39,1957100
2018-04-06,27.76,36.2,37.02,35.59,36.33,2336600
2018-04-09,27.76,36.2,36.63,35.85,36.03,1904800
2018-04-10,26.85,35.02,35.14,34.06,34.4,6988000
2018-04-11,27.14,35.39,35.54,34.75,35.38,3198600
2018-04-12,27.71,36.14,36.14,35.05,35.49,2615400
2018-04-13,27.69,36.11,36.13,35.28,35.85,1429200
2018-04-16,27.58,35.97,36.53,35.62,36.09,2141800
2018-04-17,27.89,36.37,36.38,35.65,35.65,2084900
2018-04-18,27.76,36.2,36.49,35.83,36.49,1897000
2018-04-19,27.53,35.9,35.91,35.49,35.91,1689900
2018-04-20,25.76,33.6,35.02,33.1,35.0,5892700
2018-04-23,24.32,31.72,33.42,31.02,33.42,6886200
2018-04-24,24.54,32.0,33.18,31.75,31.75,4204700
2018-04-25,25.14,32.79,33.05,31.81,31.81,2492700
2018-04-26,24.14,31.48,31.95,31.25,31.25,4335800
2018-04-27,24.26,31.64,32.21,31.51,32.1,5130400
2018-04-30,24.15,31.5,32.06,31.43,31.99,1543400
2018-05-02,23.77,31.0,31.51,30.7,31.31,3958100
2018-05-03,23.49,30.63,31.56,30.57,30.72,3469500
2018-05-04,23.39,30.5,30.74,30.29,30.41,1864600
2018-05-07,23.28,30.36,30.68,30.2,30.5,1359100
2018-05-08,23.12,30.15,30.64,29.9,30.33,1486900
2018-05-09,22.96,29.94,30.22,29.73,30.06,1724600
2018-05-10,23.18,30.23,30.39,29.91,29.92,1242800
2018-05-11,22.79,29.72,30.51,29.21,30.03,1469000
2018-05-14,22.16,28.9,29.74,28.61,29.45,1716000
2018-05-15,21.86,28.51,28.85,28.08,28.35,2827900
2018-05-16,22.04,28.75,28.94,28.29,28.5,2308300
2018-05-17,21.05,27.45,28.75,26.95,28.41,2955100
2018-05-18,21.09,27.5,27.56,26.53,26.75,5049600
2018-05-21,21.09,27.5,27.74,26.92,27.44,4335000
2018-05-22,21.66,28.25,28.79,27.99,28.0,3030700
2018-05-23,21.47,28.0,28.34,27.79,28.22,1681800
2018-05-24,21.39,27.9,28.3,27.65,27.8,10373300
2018-05-25,21.47,28.0,28.32,27.75,27.75,2217300
2018-05-28,20.7,26.99,27.58,26.77,27.5,1196700
2018-05-29,21.29,27.77,28.19,26.9,27.17,2496800
2018-05-30,21.62,28.2,28.2,27.51,27.51,3641300
2018-06-01,22.02,28.72,29.13,28.03,28.03,3234700
2018-06-04,22.16,28.9,29.43,28.56,28.99,2125900
2018-06-05,21.29,27.77,29.09,27.7,28.81,4851900
2018-06-06,20.7,27.0,27.8,26.85,27.5,2879400
2018-06-07,19.82,25.85,27.15,25.31,26.2,4281800
2018-06-08,20.14,26.26,27.05,25.65,26.01,2272200
2018-06-11,20.16,26.29,26.37,25.94,26.25,1984500
2018-06-12,20.57,26.83,27.29,25.69,26.01,1694100
2018-06-13,20.84,27.18,27.46,26.47,26.99,1830500
2018-06-14,20.48,26.71,27.39,26.43,27.0,1681100
2018-06-15,20.29,26.46,26.61,26.19,26.27,2247000
2018-06-18,20.27,26.43,26.81,26.2,26.32,1538200
2018-06-19,20.76,27.08,27.7,26.42,26.47,2121600
2018-06-20,21.85,28.49,28.49,27.09,27.3,2727500
2018-06-21,21.5,28.04,28.53,27.53,28.38,2148600
2018-06-22,21.32,27.8,28.42,27.64,28.01,1721800
2018-06-25,21.32,27.8,28.23,27.65,27.9,1581500
2018-06-26,21.69,28.29,28.29,27.43,27.94,885400
2018-06-27,21.16,27.6,28.25,27.17,28.25,2132300
2018-06-28,21.52,28.06,28.08,27.3,27.38,1125100
2018-06-29,21.17,27.61,28.17,26.91,28.02,2929100
2018-07-02,21.61,28.18,28.71,27.26,27.36,2038900
2018-07-03,21.47,28.0,28.56,27.95,28.55,1076900
2018-07-04,21.63,28.0,28.2,27.47,28.0,307700
2018-07-05,21.51,27.85,28.24,27.6,28.17,1648100
2018-07-06,22.05,28.54,28.77,27.65,28.11,890400
2018-07-10,21.63,28.0,28.66,27.8,28.31,2792800
2018-07-11,21.58,27.94,28.14,27.7,28.01,1763900
2018-07-12,21.01,27.2,28.04,27.2,27.95,2899100
2018-07-13,20.86,27.01,27.38,26.95,27.26,2784900
2018-07-16,21.35,27.64,27.64,26.9,27.14,1661000
2018-07-17,21.86,28.3,28.58,27.34,27.74,1578300
2018-07-18,21.49,27.82,28.18,27.78,28.01,685600
2018-07-19,22.28,28.85,29.0,27.17,27.37,2038700
2018-07-20,22.44,29.05,29.85,28.91,29.71,2101000
2018-07-23,21.9,28.35,28.88,28.17,28.85,881900
2018-07-24,21.9,28.35,28.84,27.8,28.53,1540000
2018-07-25,21.77,28.18,28.78,28.15,28.41,1335400
2018-07-26,21.63,28.0,28.08,27.5,28.01,1789100
2018-07-27,21.75,28.16,28.29,27.52,28.01,1285900
2018-07-30,21.39,27.69,29.49,27.56,29.49,2238500
2018-07-31,21.44,27.75,27.99,27.59,27.74,1805100
2018-08-01,21.36,27.65,27.87,27.3,27.6,1318700
2018-08-02,22.05,28.54,28.54,27.17,27.41,1140500
2018-08-03,22.18,28.71,29.1,28.17,28.51,1476500
2018-08-06,22.15,28.68,28.95,28.31,28.87,1157200
2018-08-07,22.28,28.85,29.46,28.7,29.23,3017500
2018-08-08,21.98,28.46,29.3,28.2,29.01,1759600
2018-08-09,21.5,27.83,28.34,27.8,28.23,1593200
2018-08-10,21.05,27.25,27.61,26.95,27.61,1968300
2018-08-13,21.98,28.46,28.74,26.73,27.0,1459500
2018-08-14,21.94,28.4,28.71,28.07,28.61,1250500
2018-08-15,22.07,28.57,28.83,27.86,28.28,1645500
2018-08-16,21.88,28.32,28.53,27.7,28.36,1178400
2018-08-17,21.95,28.42,28.6,27.51,27.81,1183300
2018-08-20,21.86,28.3,28.67,27.78,27.98,1083300
2018-08-21,21.49,27.82,28.3,27.6,27.94,1431900
2018-08-22,21.94,28.41,28.42,27.58,27.6,2021800
2018-08-23,21.94,28.41,28.62,27.85,28.21,1473200
2018-08-24,22.29,28.86,29.78,28.24,28.58,1360000
2018-08-27,22.34,28.92,29.48,28.73,29.14,513900
2018-08-28,21.99,28.47,28.74,28.13,28.7,1099900
2018-08-29,22.0,28.48,28.74,28.04,28.66,1614600
2018-08-30,21.37,27.66,28.32,27.32,28.26,1293800
2018-08-31,21.16,27.4,27.96,27.15,27.46,1802700
2018-09-03,21.67,28.05,28.21,27.2,27.2,1126200
2018-09-04,21.47,27.8,28.0,27.59,27.87,800500
2018-09-05,21.32,27.6,27.78,27.31,27.52,1528500
2018-09-06,21.49,27.82,27.95,27.39,27.63,1306000
2018-09-10,21.21,27.46,28.41,27.09,28.21,1267800
2018-09-11,20.92,27.08,27.32,26.7,27.05,861500
2018-09-12,20.71,26.81,27.5,26.77,27.3,1802500
2018-09-13,20.62,26.7,27.1,26.42,26.79,908400
2018-09-14,21.44,27.75,28.2,26.49,26.49,2936600
2018-09-17,21.69,28.08,28.19,27.32,27.57,1344000
2018-09-18,21.68,28.07,28.2,27.7,27.88,1466300
2018-09-19,21.35,27.64,28.23,27.42,27.75,1732600
2018-09-20,21.86,28.3,28.74,27.82,28.03,2143900
2018-09-21,22.37,28.96,29.03,28.41,28.6,2692400
2018-09-24,21.86,28.3,28.93,28.12,28.66,862700
2018-09-25,21.92,28.38,28.82,27.61,27.73,2153500
2018-09-26,21.78,28.2,28.5,27.83,28.11,1602100
2018-09-27,22.39,28.99,29.11,28.19,28.2,1708000
2018-09-28,22.03,28.52,29.37,28.16,28.63,3417600
2018-10-01,21.82,28.25,28.73,27.95,28.55,537900
2018-10-02,22.3,28.87,29.28,28.83,29.02,1755500
2018-10-03,23.53,30.25,30.78,29.6,29.74,3367700
2018-10-04,23.42,30.11,30.24,29.49,30.24,1343200
2018-10-05,23.41,30.1,30.92,29.9,30.67,1328200
2018-10-08,23.52,30.24,32.0,30.23,32.0,4857200
2018-10-09,24.03,30.9,31.04,30.33,30.7,1487900
2018-10-10,23.8,30.6,31.18,30.27,30.29,1854000
2018-10-11,24.05,30.92,31.46,30.51,31.0,3014700
2018-10-15,23.7,30.47,31.37,30.16,30.93,1309000
2018-10-16,23.23,29.87,30.69,29.39,30.54,2098700
2018-10-17,23.33,30.0,30.41,29.25,29.6,1759500
2018-10-18,23.17,29.79,30.34,29.57,29.88,1709400
2018-10-19,23.41,30.1,30.37,29.68,29.96,1006300
2018-10-22,23.55,30.28,30.57,29.96,30.16,646100
2018-10-23,23.65,30.4,30.69,29.37,29.83,1503500
2018-10-24,23.23,29.86,31.11,29.7,30.82,2339500
2018-10-25,23.45,30.15,30.48,29.8,29.8,1106800
2018-10-26,23.02,29.6,30.27,29.12,30.2,3168100
2018-10-29,22.4,28.8,29.49,28.18,29.04,3143800
2018-10-30,23.19,29.81,30.3,29.02,29.31,1890100
2018-10-31,23.16,29.78,30.23,29.33,30.17,1476000
2018-11-01,23.49,30.2,30.38,29.53,29.79,1090700
2018-11-05,23.79,30.58,30.98,30.18,30.3,1209300
2018-11-06,23.33,29.99,30.46,29.83,30.15,3070300
2018-11-07,23.3,29.95,30.39,29.61,30.0,953900
2018-11-08,23.03,29.61,30.68,29.59,29.96,1899700
2018-11-09,23.33,30.0,30.15,29.46,29.8,1377400
2018-11-12,23.02,29.6,30.1,29.16,30.1,1640900
2018-11-13,22.91,29.45,29.68,28.98,29.62,2219100
2018-11-14,22.99,29.56,29.7,29.18,29.64,1085100
2018-11-16,23.36,30.03,30.3,29.4,29.67,1470700
2018-11-19,23.14,29.75,29.75,29.2,29.72,1515300
2018-11-21,23.47,30.17,30.29,29.39,29.6,1557900
2018-11-22,23.77,30.56,30.77,29.92,29.94,470600
2018-11-23,24.31,31.25,31.29,30.25,30.56,1296600
2018-11-26,24.2,31.11,31.69,30.8,31.48,1446700
2018-11-27,24.54,31.55,31.74,30.99,31.37,1659100
2018-11-28,24.77,31.85,32.1,31.2,31.51,1918300
2018-11-29,24.97,32.1,32.41,31.5,31.52,1153500
2018-11-30,24.97,32.1,32.9,31.8,31.84,4797800
2018-12-03,25.04,32.19,32.77,31.82,32.1,1529700
2018-12-04,24.47,31.46,32.4,31.41,32.27,2646000
2018-12-05,24.61,31.64,31.83,31.31,31.79,884700
2018-12-06,24.77,31.84,32.07,31.04,31.2,1705900
2018-12-07,24.54,31.55,32.22,31.35,31.95,1091700
2018-12-10,24.91,32.03,32.12,31.41,31.56,3667200
2018-12-11,24.8,31.88,32.65,31.66,32.27,2256200
2018-12-12,24.66,31.7,32.24,31.61,32.2,4969800
2018-12-13,24.52,31.53,31.98,31.42,31.66,1366400
2018-12-14,24.09,30.97,31.82,30.9,31.32,1969800
2018-12-17,23.79,30.58,31.29,30.57,30.9,1621200
2018-12-18,23.92,30.75,31.0,30.56,30.78,2366400
2018-12-19,23.33,29.99,30.94,29.99,30.9,2794100
2018-12-20,23.76,30.55,30.76,30.14,30.23,1689300
2018-12-21,23.67,30.43,31.06,30.43,30.8,3000100
2018-12-26,23.53,29.9,30.0,29.61,29.82,623100
2018-12-27,23.57,29.95,30.16,29.83,30.15,869100
2018-12-28,23.76,30.2,30.5,29.98,30.21,1821800
2019-01-02,24.51,31.15,31.44,30.2,30.29,1553900
2019-01-03,24.87,31.6,31.69,30.66,31.0,2036700
2019-01-04,24.75,31.45,31.87,30.94,31.38,1522100
2019-01-07,24.35,30.95,31.47,30.8,31.4,1021600
2019-01-08,24.32,30.9,31.38,30.77,31.08,2112800
2019-01-09,24.08,30.6,31.02,30.33,30.91,3386400
2019-01-10,24.32,30.9,30.96,30.39,30.39,1547700
2019-01-11,25.95,32.98,33.24,30.89,30.89,4087500
2019-01-14,25.98,33.01,33.67,32.63,32.71,1575800
2019-01-15,25.98,33.01,33.19,32.66,32.92,1512800
2019-01-16,25.78,32.76,33.38,32.69,32.94,1082100
2019-01-17,26.05,33.1,33.62,32.5,32.77,1614300
2019-01-18,25.98,33.02,33.61,32.83,33.04,1598700
2019-01-21,25.73,32.7,33.01,32.32,33.01,754100
2019-01-22,25.57,32.5,33.33,32.44,32.84,1355400
2019-01-23,25.64,32.58,33.3,32.45,32.7,1289100
2019-01-24,25.55,32.47,32.81,32.11,32.5,1700800
2019-01-28,25.99,33.03,33.42,32.28,32.47,1298300
2019-01-29,25.55,32.47,33.93,32.47,33.29,1347700
2019-01-30,25.18,32.0,32.88,31.55,32.6,2659400
2019-01-31,25.06,31.85,32.35,31.58,32.28,2207200
2019-02-01,24.65,31.33,32.08,30.95,31.72,2567700
2019-02-04,25.18,32.0,32.07,31.15,31.34,2136100
2019-02-05,25.38,32.25,32.34,31.93,32.07,1662900
2019-02-06,24.76,31.46,32.18,31.22,32.18,3346200
2019-02-07,24.83,31.55,31.92,31.13,31.6,1344700
2019-02-08,24.87,31.6,31.79,30.82,31.4,1608900
2019-02-11,24.21,30.77,31.82,30.7,31.72,2197400
2019-02-12,23.66,30.07,31.02,29.91,30.99,2878000
2019-02-13,23.72,30.15,30.69,29.83,30.39,3037900
2019-02-14,23.69,30.11,30.35,29.8,30.22,1457500
2019-02-15,23.55,29.93,30.6,29.88,30.54,3731600
2019-02-18,23.5,29.87,30.48,29.76,29.94,1437100
2019-02-19,23.66,30.07,30.2,29.77,30.07,1526900
2019-02-20,23.19,29.47,30.24,29.19,30.24,2128700
2019-02-21,22.74,28.9,29.69,28.8,29.61,2307700
2019-02-22,21.86,27.78,28.44,27.61,28.2,6032000
2019-02-25,21.33,27.11,28.09,27.11,27.95,3987200
2019-02-26,21.09,26.8,27.7,26.65,27.25,4237300
2019-02-27,21.62,27.47,27.47,26.57,26.87,3575500
2019-02-28,21.17,26.9,27.82,26.9,27.52,3165600
2019-03-01,21.08,26.79,27.29,26.36,27.05,2407100
2019-03-06,20.95,26.62,26.97,26.41,26.96,2289000
2019-03-07,20.7,26.3,27.11,26.07,26.61,3633900
2019-03-08,20.61,26.19,26.55,26.08,26.25,1945200
2019-03-11,20.8,26.43,26.44,25.95,26.3,2209900
2019-03-12,21.32,27.1,27.65,26.9,27.0,3222600
2019-03-13,22.03,28.0,28.17,27.03,27.18,3717700
2019-03-14,21.84,27.75,28.34,27.3,28.08,3560300
2019-03-15,22.14,28.14,28.24,27.61,27.61,4340700
2019-03-18,22.11,28.1,28.5,27.85,28.14,1736200
2019-03-19,21.32,27.1,28.17,27.0,28.17,5389400
2019-03-20,21.25,27.0,27.36,26.57,27.0,3295400
2019-03-21,21.0,26.69,27.14,26.51,26.83,1816900
2019-03-22,20.58,26.15,26.45,26.0,26.44,3045200
2019-03-25,20.29,25.78,26.11,25.6,26.05,1916000
2019-03-26,20.14,25.59,26.05,25.25,25.87,2816900
2019-03-27,20.12,25.57,25.93,25.28,25.4,3156300
2019-03-28,20.38,25.9,26.09,24.75,24.75,4314800
2019-03-29,20.38,25.9,26.38,25.71,26.06,1658200
2019-04-01,20.69,26.29,26.31,25.84,26.2,4268300
2019-04-02,20.55,26.12,26.71,26.0,26.6,1786200
2019-04-03,20.49,26.04,26.66,25.89,26.39,1253600
2019-04-04,20.59,26.17,26.6,25.86,26.2,1270600
2019-04-05,20.85,26.5,26.55,26.2,26.4,2154200
2019-04-08,20.46,26.0,26.77,25.92,26.51,1875400
2019-04-09,20.22,25.7,26.07,25.45,25.96,2063500
2019-04-10,19.9,25.29,25.96,25.23,25.78,2506800
2019-04-11,19.86,25.24,25.47,25.02,25.35,3166900
2019-04-12,20.0,25.16,25.16,24.69,24.94,2670100
2019-04-15,19.87,25.0,25.35,24.8,25.14,2892400
2019-04-16,19.89,25.02,25.49,24.9,24.9,3368500
2019-04-17,19.95,25.1,25.38,24.76,25.17,2758200
2019-04-18,19.77,24.87,25.27,24.84,25.25,3792300
2019-04-22,19.99,25.15,25.17,24.68,24.95,1358000
2019-04-23,19.87,25.0,25.33,24.96,25.24,1966500
2019-04-24,19.87,25.0,25.05,24.56,25.01,2043400
2019-04-25,20.51,25.8,25.8,24.7,24.85,1843400
2019-04-26,21.22,26.7,26.7,25.32,25.65,4461200
2019-04-29,22.49,28.29,28.48,26.7,26.95,8362500
2019-04-30,22.32,28.08,28.46,27.63,28.1,2737700
2019-05-02,22.26,28.0,28.23,27.8,27.81,3400200
2019-05-03,22.32,28.08,28.33,27.68,27.87,3616800
2019-05-06,22.54,28.36,28.4,27.65,27.78,1433900
2019-05-07,22.86,28.76,28.84,28.01,28.2,4278100
2019-05-08,23.26,29.26,30.45,28.9,28.91,4115600
2019-05-09,22.92,28.83,29.64,28.61,29.32,3347500
2019-05-10,23.53,29.6,29.72,28.69,28.69,2764700
2019-05-13,23.17,29.15,29.32,28.61,28.72,3160900
2019-05-14,23.13,29.1,29.28,28.8,29.21,2620200
2019-05-15,22.84,28.73,29.16,28.15,28.51,2325800
2019-05-16,22.56,28.38,28.44,28.09,28.36,2166200
2019-05-17,22.63,28.47,28.58,28.2,28.2,1400400
2019-05-20,23.17,29.15,29.28,28.35,28.65,1208200
2019-05-21,23.85,30.0,30.0,28.99,29.15,3434500
2019-05-22,23.59,29.67,30.26,29.41,30.0,5087800
2019-05-23,23.92,30.09,30.09,29.36,29.36,2017700
2019-05-24,23.47,29.53,30.32,29.53,30.09,984800
2019-05-27,23.84,29.99,30.1,29.53,29.58,607700
2019-05-28,24.42,30.72,30.9,29.57,30.0,4694800
2019-05-29,24.28,30.54,31.15,30.18,30.46,1677100
2019-05-30,24.22,30.47,30.89,30.21,30.67,1501800
2019-05-31,24.02,30.22,30.93,30.04,30.22,3928200
2019-06-03,23.93,30.1,30.79,29.66,30.16,1990000
2019-06-04,23.21,29.2,30.36,28.93,30.2,2995500
2019-06-05,23.07,29.02,29.41,28.66,29.2,2035700
2019-06-06,23.03,28.97,29.27,28.59,29.16,1019900
2019-06-07,22.3,28.05,28.88,27.95,28.88,3142200
2019-06-10,23.07,29.02,29.1,27.35,27.89,1338400
2019-06-11,23.12,29.08,29.45,28.94,29.05,1603900
2019-06-12,23.05,29.0,29.06,28.32,28.89,3947700
2019-06-13,23.39,29.43,29.55,28.74,29.05,1315600
2019-06-14,23.05,29.0,29.43,28.76,29.21,1511000
2019-06-17,22.99,28.92,29.23,28.72,29.23,1535600
2019-06-18,22.89,28.79,29.24,28.56,29.24,1447800
2019-06-19,23.05,29.0,29.1,28.33,28.93,1631900
2019-06-21,23.61,29.7,29.7,29.01,29.24,2457700
2019-06-24,24.02,30.22,30.3,29.72,29.83,1846600
2019-06-25,23.12,29.09,30.21,28.93,30.21,2308800
2019-06-26,23.24,29.24,29.43,28.77,29.26,972400
2019-06-27,23.33,29.35,29.43,28.72,28.85,1543000
2019-06-28,23.84,29.99,30.19,29.42,29.42,3017800
2019-07-01,23.15,29.12,30.26,29.12,30.11,1166300
2019-07-02,23.29,29.3,29.48,28.89,29.18,1490900
2019-07-03,23.37,29.14,29.64,28.9,28.9,1433800
2019-07-04,23.68,29.53,29.69,29.15,29.35,1184100
2019-07-05,23.66,29.5,29.83,29.42,29.49,1139500
2019-07-08,23.34,29.1,29.65,28.96,29.59,1583100
2019-07-10,23.75,29.62,29.95,29.31,29.37,2786500
2019-07-11,23.61,29.44,30.0,29.44,29.69,1584800
2019-07-12,23.34,29.1,29.76,28.9,29.74,1705800
2019-07-15,23.5,29.3,29.5,29.03,29.13,1401700
2019-07-16,22.93,28.6,29.55,28.6,29.46,1359300
2019-07-17,23.18,28.9,29.0,28.27,28.55,1215100
2019-07-18,23.62,29.45,29.45,28.91,28.97,1058700
2019-07-19,23.14,28.86,29.5,28.56,29.45,1670600
2019-07-22,23.16,28.88,28.91,28.52,28.7,1299400
2019-07-23,22.93,28.6,28.85,28.47,28.81,899700
2019-07-24,23.38,29.15,29.25,28.2,28.51,1656800
2019-07-25,23.92,29.83,29.83,28.86,29.14,1942100
2019-07-26,24.43,30.46,30.72,29.59,29.9,1790500
2019-07-29,25.66,32.0,32.27,29.97,30.25,5225600
2019-07-30,25.02,31.2,32.17,31.2,31.7,2514400
2019-07-31,24.2,30.18,31.47,30.04,31.35,2540000
2019-08-01,25.03,31.21,31.34,30.27,30.27,2962500
2019-08-02,25.18,31.4,31.69,30.92,31.11,1376400
2019-08-05,24.63,30.71,31.24,30.5,30.82,1631300
2019-08-06,25.28,31.52,31.88,30.54,30.71,1223500
2019-08-07,25.57,31.89,31.89,30.58,30.9,1308700
2019-08-08,25.14,31.35,32.1,31.24,31.91,2554100
2019-08-09,25.62,31.95,32.13,31.06,31.27,3604500
2019-08-12,24.88,31.02,31.6,30.8,31.44,1990900
2019-08-13,24.98,31.15,31.51,30.53,30.74,846500
2019-08-14,24.65,30.74,31.12,30.13,31.12,1696900
2019-08-15,24.12,30.08,31.03,29.83,30.71,2173200
2019-08-16,25.56,31.87,32.5,30.31,30.31,4760100
2019-08-19,25.43,31.71,32.33,31.22,32.29,1236100
2019-08-20,25.22,31.45,31.79,31.13,31.63,1022700
2019-08-21,25.92,32.32,32.32,31.28,31.8,1679100
2019-08-22,25.34,31.6,32.78,31.6,32.43,1465300
2019-08-23,25.07,31.26,31.58,30.27,31.49,1357700
2019-08-26,24.7,30.8,31.51,30.66,31.51,820000
2019-08-27,24.67,30.77,31.27,30.61,30.9,1620600
2019-08-28,24.86,31.0,31.05,30.35,30.5,545400
2019-08-29,25.95,32.36,32.36,30.91,30.96,1851500
2019-08-30,25.8,32.17,32.5,31.83,32.5,1227800
2019-09-02,26.14,32.6,33.1,32.06,32.29,1136100
2019-09-03,26.29,32.78,33.13,32.3,32.6,1360200
2019-09-04,26.7,33.29,33.41,32.88,33.08,1790100
2019-09-05,26.83,33.46,33.46,32.8,33.39,1142600
2019-09-06,26.5,33.04,33.56,32.66,33.5,1043400
2019-09-09,26.09,32.54,33.27,32.14,33.0,1219000
2019-09-10,26.13,32.58,32.81,32.29,32.43,1087100
2019-09-11,26.33,32.84,32.97,32.31,32.71,1851100
2019-09-12,26.29,32.79,33.36,32.59,32.93,940900
2019-09-13,26.14,32.6,32.96,32.41,32.89,616200
2019-09-16,26.14,32.6,32.88,32.04,32.6,1358600
2019-09-17,26.27,32.76,32.91,32.31,32.6,1334700
2019-09-18,26.3,32.8,33.0,32.55,33.0,929100
2019-09-19,26.62,33.2,33.5,32.79,33.03,1035100
2019-09-20,27.23,33.96,34.1,32.91,33.2,2867200
2019-09-23,26.85,33.48,33.99,32.94,33.96,1220900
2019-09-24,26.62,33.19,33.67,32.86,33.5,1629500
2019-09-25,26.74,33.34,33.34,32.66,33.12,764300
2019-09-26,26.94,33.6,33.9,33.15,33.35,800100
2019-09-27,26.94,33.6,33.7,33.5,33.68,1256100
2019-09-30,26.89,33.53,33.88,33.44,33.76,1166100
2019-10-01,26.64,33.22,33.8,32.95,33.69,1854000
2019-10-02,26.14,32.6,33.02,32.4,33.0,1107400
2019-10-03,26.51,32.8,32.8,31.88,32.19,1370200
2019-10-04,26.82,33.18,33.22,32.41,32.66,1037200
2019-10-07,26.72,33.06,33.28,32.8,33.09,1564000
2019-10-08,26.81,33.17,33.43,32.77,33.17,1207900
2019-10-09,26.95,33.35,33.47,33.07,33.19,422400
2019-10-10,27.0,33.4,33.55,33.13,33.26,1800800
2019-10-11,27.48,34.0,34.39,33.27,33.33,1420700
2019-10-14,27.57,34.11,34.25,33.76,34.25,816500
2019-10-15,27.71,34.29,34.55,33.83,34.02,1539100
2019-10-16,28.21,34.9,35.19,34.08,34.32,1423900
2019-10-17,28.19,34.88,35.24,34.5,35.03,1000900
2019-10-18,28.18,34.86,35.13,34.45,34.98,1782000
2019-10-21,27.82,34.42,35.18,34.15,35.18,1285000
2019-10-22,27.91,34.53,34.85,34.34,34.54,1800500
2019-10-23,27.72,34.3,34.62,34.06,34.5,1465000
2019-10-24,27.87,34.48,34.61,34.15,34.21,916500
2019-10-25,27.88,34.49,34.78,33.92,34.61,2151900
2019-10-28,27.76,34.34,34.62,33.71,34.6,1722900
2019-10-29,27.67,34.24,34.24,33.85,33.91,1275000
2019-10-30,27.72,34.3,34.44,33.89,34.24,1500200
2019-10-31,27.74,34.32,34.42,33.95,34.21,1921600
2019-11-01,28.61,35.4,35.5,34.64,34.95,3219700
2019-11-04,28.73,35.55,35.8,35.32,35.5,1670300
2019-11-05,28.81,35.64,35.85,35.31,35.55,2382700
2019-11-06,28.77,35.6,35.86,35.06,35.65,1348700
2019-11-07,28.6,35.39,36.08,35.1,35.58,2584100
2019-11-08,28.4,35.14,35.47,34.87,35.38,1194300
2019-11-11,28.63,35.42,35.47,34.4,34.99,945400
2019-11-12,28.13,34.8,35.41,34.62,35.27,1041400
2019-11-13,28.09,34.76,34.94,34.53,34.8,1828700
2019-11-14,27.94,34.57,35.3,34.11,34.92,1321600
2019-11-18,27.36,33.85,34.84,33.54,34.71,1898600
2019-11-19,27.25,33.71,34.05,33.19,33.8,1930100
2019-11-21,27.63,34.18,34.46,33.44,33.63,2188400
2019-11-22,27.92,34.55,34.55,33.97,34.22,1282500
2019-11-25,27.98,34.62,34.62,34.16,34.44,1765700
2019-11-26,27.78,34.37,34.54,33.81,34.28,2260600
2019-11-27,27.2,33.65,34.35,33.51,34.26,1871000
2019-11-28,27.14,33.58,33.82,33.4,33.52,888900
2019-11-29,26.91,33.3,33.71,32.86,33.71,1745200
2019-12-02,27.15,33.59,33.89,33.13,33.2,1938100
2019-12-03,26.59,32.9,33.57,32.42,33.57,2809300
2019-12-04,26.07,32.25,32.97,32.18,32.89,2332500
2019-12-05,25.96,32.12,32.48,31.93,32.25,1691400
2019-12-06,26.1,32.29,32.56,32.02,32.15,1232300
2019-12-09,25.9,32.05,32.57,31.93,32.22,2608600
2019-12-10,26.22,32.44,32.7,31.94,32.0,1708800
2019-12-11,26.11,32.31,32.59,32.13,32.36,2013400
2019-12-12,26.46,32.74,32.83,32.17,32.37,2334000
2019-12-13,26.77,33.12,33.18,32.65,32.9,2813000
2019-12-16,27.08,33.5,33.7,33.22,33.22,1989900
2019-12-17,27.17,33.62,34.11,33.41,33.66,1747200
2019-12-18,28.22,34.91,35.07,34.32,34.4,5037500
2019-12-19,28.68,35.48,35.89,34.54,34.8,2557300
2019-12-20,28.61,35.4,35.66,34.8,35.66,3131400
2019-12-23,28.89,35.75,35.75,35.25,35.25,886800
2019-12-26,29.19,35.81,35.81,34.79,35.55,1388400
2019-12-27,28.94,35.5,36.16,35.23,35.99,1441100
2019-12-30,29.09,35.69,36.44,35.36,35.49,3300700
2020-01-02,29.35,36.0,36.16,35.32,35.55,1573400
2020-01-03,29.95,36.74,36.97,35.06,35.55,1985500
2020-01-06,29.26,35.9,36.6,35.75,36.59,1675700
2020-01-07,28.98,35.55,36.05,35.38,36.05,1640000
2020-01-08,28.6,35.09,35.88,34.73,35.88,1636500
2020-01-09,29.22,35.84,35.89,35.04,35.1,2095400
2020-01-10,29.37,36.03,36.29,35.7,35.98,1834200
2020-01-13,30.32,37.19,37.26,36.03,36.03,2730600
2020-01-14,30.82,37.81,37.81,36.72,37.21,3720900
2020-01-15,30.42,37.32,37.89,37.27,37.68,4082000
2020-01-16,30.57,37.5,37.81,37.15,37.47,1239300
2020-01-17,30.5,37.42,37.67,37.08,37.51,829100
2020-01-20,30.77,37.75,37.75,37.05,37.57,941100
2020-01-21,29.76,36.51,37.75,36.51,37.75,3177900
2020-01-22,29.02,35.6,37.14,35.09,36.66,2728200
2020-01-23,28.92,35.48,35.79,34.64,35.6,5929100
2020-01-24,28.56,35.03,35.73,34.65,35.62,2628200
2020-01-27,27.82,34.13,34.69,33.98,34.6,1787300
2020-01-28,27.56,33.81,34.52,33.59,34.07,2975300
2020-01-29,28.33,34.75,35.2,33.69,33.81,3937700
2020-01-30,28.9,35.45,35.45,34.12,34.37,5073000
2020-01-31,29.0,35.57,36.14,34.72,35.31,4475700
2020-02-03,29.76,36.51,36.71,35.33,35.44,3141700
2020-02-04,30.76,37.74,37.78,36.55,36.87,7500400
2020-02-05,31.21,38.29,38.46,37.59,38.0,7558000
2020-02-06,31.02,38.05,39.11,37.8,38.44,1962500
2020-02-07,31.49,38.63,38.88,37.4,37.9,1983800
2020-02-10,31.02,38.05,38.84,37.75,38.72,3063300
2020-02-11,31.51,38.65,38.79,37.27,38.2,1917200
2020-02-12,31.79,39.0,39.71,37.96,38.8,3771900
2020-02-13,31.38,38.5,38.5,37.65,38.46,7318000
2020-02-14,30.43,37.33,38.23,36.78,38.23,1913100
2020-02-17,30.55,37.48,37.77,37.15,37.32,956900
2020-02-18,29.66,36.39,37.35,36.06,37.33,1622500
2020-02-19,29.88,36.65,36.69,36.01,36.39,1396700
2020-02-20,29.53,36.22,36.89,35.88,36.45,1915600
2020-02-21,29.51,36.2,36.72,35.55,36.07,1900200
2020-02-26,28.49,34.95,35.8,34.53,34.87,3079200
2020-02-27,27.77,34.06,34.89,33.91,34.46,3146000
2020-02-28,27.96,34.3,34.43,32.68,33.94,3251200
2020-03-02,32.61,40.0,40.99,36.94,37.01,19935100
2020-03-03,33.46,41.05,42.8,40.07,40.1,11994500
2020-03-04,34.06,41.78,42.68,40.83,42.0,6651900
2020-03-05,33.18,40.7,41.75,40.08,41.69,5295700
2020-03-06,32.3,39.62,40.06,38.55,39.0,3664800
2020-03-09,28.94,35.5,37.99,34.73,37.25,5185000
2020-03-10,30.33,37.21,37.82,35.34,36.3,4143400
2020-03-11,28.37,34.8,36.58,33.27,35.98,4383500
2020-03-12,25.33,31.07,32.6,29.98,32.0,2866100
2020-03-13,27.23,33.4,37.28,30.27,35.73,6429200
2020-03-16,23.09,28.32,30.83,28.11,30.0,3763300
2020-03-17,25.43,31.19,32.7,28.21,29.0,6912200
2020-03-18,23.84,29.24,31.19,26.07,28.96,7655000
2020-03-19,25.48,31.26,31.42,27.34,29.16,6811300
2020-03-20,23.84,29.25,32.39,28.78,32.01,5340700
2020-03-23,21.85,26.8,29.39,26.1,29.0,3989000
2020-03-24,23.62,28.97,31.53,28.03,28.67,8132700
2020-03-25,26.67,32.72,33.81,28.17,28.17,3905700
2020-03-26,26.05,31.95,33.98,31.54,32.96,5183600
2020-03-27,25.54,31.33,32.05,29.84,30.0,4626300
2020-03-30,25.26,30.7,31.36,30.18,30.91,2432800
2020-03-31,23.53,28.59,30.7,28.14,30.7,2905800
2020-04-01,22.39,27.21,28.29,26.52,27.59,4092800
2020-04-02,24.29,29.52,29.52,27.21,27.31,3853300
2020-04-03,23.63,28.72,30.3,27.91,29.4,3566300
2020-04-06,24.49,29.76,30.88,28.88,30.49,1646300
2020-04-07,24.73,30.05,32.21,30.05,31.45,3161700
2020-04-08,26.43,32.12,32.7,29.96,30.3,2708900
2020-04-09,25.89,31.46,32.54,31.23,31.75,2121900
2020-04-13,25.64,31.16,31.55,30.1,31.3,1380200
2020-04-14,26.33,32.0,32.28,30.99,31.75,2616000
2020-04-15,25.63,31.15,31.83,31.0,31.27,1815700
2020-04-16,25.66,31.18,31.72,30.83,31.26,1734800
2020-04-17,25.81,31.36,31.8,30.47,31.59,2512700
2020-04-20,25.81,31.37,31.75,30.31,30.42,1637800
2020-04-22,27.73,33.7,34.09,31.37,31.4,4540400
2020-04-23,25.39,30.85,34.18,30.85,34.0,3329200
2020-04-24,24.7,30.01,30.76,27.72,30.71,5121400
2020-04-27,24.14,29.33,30.44,28.54,30.0,4912100
2020-04-28,24.07,29.25,30.1,28.77,29.7,3103300
2020-04-29,24.58,29.87,30.17,28.46,29.41,4813900
2020-04-30,23.93,29.08,30.0,28.61,29.61,3710100
2020-05-04,23.61,28.69,29.03,27.66,27.93,2130500
2020-05-05,23.02,27.98,28.93,27.58,28.9,3902100
2020-05-06,22.92,27.85,28.36,27.31,28.0,8782800
2020-05-07,23.11,28.08,28.71,27.01,27.73,5792600
2020-05-08,23.12,28.1,28.92,27.81,28.71,3073300
2020-05-11,23.13,28.11,28.4,27.76,28.1,2111700
2020-05-12,22.97,27.91,29.26,27.76,28.11,3693900
2020-05-13,23.26,28.27,28.72,28.01,28.1,4939500
2020-05-14,23.53,28.6,28.74,27.23,28.0,5508200
2020-05-15,23.36,28.39,28.67,27.62,27.84,2632200
2020-05-18,24.16,29.36,29.62,28.03,29.0,3474400
2020-05-19,23.26,28.27,29.41,28.01,29.39,4216600
2020-05-20,22.83,27.74,28.7,27.43,28.39,13862800
2020-05-21,23.49,28.55,28.8,27.64,27.64,5477700
2020-05-22,23.37,28.4,28.99,28.3,28.48,2037300
2020-05-25,23.45,28.5,29.34,28.28,29.1,3535500
2020-05-26,25.1,30.5,31.06,29.75,30.0,6704100
2020-05-27,25.51,31.0,31.39,30.14,30.5,3955300
2020-05-28,25.72,31.25,31.25,30.06,30.39,2051200
2020-05-29,26.51,32.22,32.99,30.65,31.22,9640900
2020-06-01,27.09,32.92,33.0,31.72,31.8,6838700
2020-06-02,28.06,34.1,34.48,32.8,33.0,4693800
2020-06-03,28.13,34.18,34.91,33.82,34.11,4601100
2020-06-04,28.49,34.62,34.94,33.33,34.0,3006500
2020-06-05,28.39,34.5,35.7,34.3,35.63,4394600
2020-06-08,28.47,34.6,34.98,34.06,34.55,2484900
2020-06-09,28.8,35.0,35.3,33.78,34.44,2816000
2020-06-10,28.27,34.36,35.37,33.92,35.14,2748000
2020-06-12,27.48,33.39,33.52,32.2,33.32,3606200
2020-06-15,27.14,32.98,33.19,32.04,32.43,2730200
2020-06-16,26.47,32.17,33.71,32.13,33.71,2688500
2020-06-17,27.76,33.73,34.09,32.36,32.41,3403900
2020-06-18,28.25,34.33,34.78,33.21,33.64,4741200
2020-06-19,28.28,34.37,35.22,34.37,34.47,6524200
2020-06-22,28.69,34.87,35.0,34.2,34.35,2261000
2020-06-23,28.86,35.07,36.2,34.92,35.41,5769800
2020-06-24,28.31,34.4,35.4,33.96,35.01,2476000
2020-06-25,28.95,35.18,35.33,34.42,34.46,1785900
2020-06-26,27.77,33.75,35.23,33.27,34.53,3107900
2020-06-29,27.9,33.61,34.11,33.31,33.99,2136200
2020-06-30,27.64,33.3,33.49,32.87,33.34,3207000
2020-07-01,27.52,33.15,33.67,33.02,33.43,3781900
2020-07-02,26.73,32.2,33.89,31.92,33.55,5323300
2020-07-03,26.9,32.4,32.68,31.67,32.25,3430600
2020-07-06,27.08,32.62,33.28,32.44,32.95,3263600
2020-07-07,26.86,32.36,32.76,32.0,32.5,3936200
2020-07-08,27.01,32.54,33.03,32.38,32.49,3274900
2020-07-09,26.84,32.33,33.44,32.15,32.69,3483700
2020-07-10,26.82,32.31,32.66,32.11,32.2,2742600
2020-07-13,26.65,32.1,32.84,31.93,32.3,3106600
2020-07-14,26.31,31.7,32.28,31.3,31.97,10480200
2020-07-15,26.37,31.77,32.08,31.39,31.85,3691900
2020-07-16,26.94,32.45,32.52,31.37,31.7,2605800
2020-07-17,27.98,33.7,33.9,32.45,32.7,6852000
2020-07-20,28.43,34.25,34.34,33.03,33.6,3915100
2020-07-21,28.02,33.75,34.36,33.43,34.34,3139700
2020-07-22,27.88,33.59,34.28,33.39,33.81,2776200
2020-07-23,28.01,33.74,34.0,33.23,33.63,4742500
2020-07-24,28.43,34.25,34.85,32.81,33.85,4827900
2020-07-27,30.09,36.25,36.72,34.59,35.31,9583600
2020-07-28,30.03,36.18,36.63,35.88,36.25,4089900
2020-07-29,30.05,36.2,36.47,35.72,35.79,4584500
2020-07-30,30.1,36.26,36.6,35.68,35.88,2937800
2020-07-31,29.98,36.12,37.15,35.85,36.26,5444500
2020-08-03,29.96,36.09,36.94,35.74,36.92,10357400
2020-08-04,30.13,36.3,36.47,35.08,35.79,5640700
2020-08-05,29.28,35.27,36.72,35.12,36.46,4606600
2020-08-06,29.1,35.06,35.42,34.23,35.27,3860900
2020-08-07,28.59,34.44,34.91,33.83,34.67,3255300
2020-08-10,28.23,34.01,34.56,33.45,34.39,3564100
2020-08-11,27.89,33.6,34.36,33.35,34.08,3756300
2020-08-12,28.1,33.85,33.93,33.07,33.91,4479900
2020-08-13,27.47,33.09,34.25,33.0,33.99,2608100
2020-08-14,27.81,33.5,33.58,32.69,32.72,1819900
2020-08-17,26.95,32.46,33.53,31.75,33.36,3209600
2020-08-18,27.29,32.88,32.88,32.0,32.71,5977500
2020-08-19,26.36,31.75,32.65,31.67,32.48,3082700
2020-08-20,26.43,31.84,32.1,30.75,31.31,2114200
2020-08-21,27.13,32.68,32.73,31.42,31.75,3037100
2020-08-24,26.8,32.29,32.92,32.02,32.81,1795400
2020-08-25,27.62,33.27,33.27,32.24,32.59,3179300
2020-08-26,26.98,32.5,33.5,31.81,33.3,4566800
2020-08-27,26.95,32.47,32.72,31.95,32.45,2311100
2020-08-28,27.93,33.64,33.77,32.56,32.74,3146500
2020-08-31,26.27,31.65,33.49,31.65,33.46,5366700
2020-09-01,26.7,32.16,32.53,31.68,32.06,3383900
2020-09-02,27.61,33.26,33.26,32.09,32.16,2471400
2020-09-03,27.08,32.62,33.66,32.39,33.25,2767000
2020-09-04,26.79,32.27,32.83,31.56,32.38,2622700
2020-09-08,26.22,31.59,32.14,31.58,31.82,2111400
2020-09-09,26.25,31.62,32.0,30.64,31.73,6152600
2020-09-10,26.39,31.79,32.33,31.25,31.64,3732400
2020-09-11,25.44,30.65,31.52,30.43,31.46,3107900
2020-09-14,25.93,31.24,31.56,30.67,30.94,2100800
2020-09-15,26.27,31.64,32.24,31.0,31.36,3459600
2020-09-16,25.62,30.86,31.85,30.7,31.77,3214200
2020-09-17,25.98,31.3,31.7,30.36,30.53,3656800
2020-09-18,25.09,30.22,31.28,30.18,31.12,3260900
2020-09-21,25.2,30.36,30.51,29.6,30.02,2042500
2020-09-22,25.67,30.92,31.34,30.26,30.4,3879300
2020-09-23,24.68,29.73,30.83,29.73,30.7,2687100
2020-09-24,25.54,30.77,31.16,29.83,29.9,2741300
2020-09-25,25.43,30.64,30.68,30.1,30.61,1921900
2020-09-28,24.36,29.34,30.91,29.28,30.8,2711600
2020-09-29,24.28,29.25,29.69,28.91,29.38,4000600
2020-09-30,24.75,29.82,29.82,29.06,29.4,4015100
2020-10-01,25.15,30.3,30.6,29.57,29.61,4636000
2020-10-02,25.15,30.3,30.6,29.9,29.9,3231600
2020-10-05,25.81,31.09,31.34,30.08,30.34,2643800
2020-10-06,26.14,31.49,31.68,30.96,31.4,6920100
2020-10-07,25.94,31.25,32.09,31.25,31.56,6839100
2020-10-08,25.9,31.2,31.51,30.87,31.4,2492700
2020-10-09,25.65,30.9,31.58,30.89,31.01,1288100
2020-10-13,25.37,30.56,31.18,30.24,30.97,2891800
2020-10-14,25.68,30.94,31.51,30.52,30.56,4998500
2020-10-15,25.38,30.57,30.86,30.33,30.53,2992000
2020-10-16,25.27,30.44,30.59,30.06,30.56,2816200
2020-10-19,25.29,30.47,30.9,30.33,30.54,1811400
2020-10-20,25.53,30.75,31.18,30.6,30.64,2879200
2020-10-21,25.54,30.77,31.12,30.44,31.12,2459700
2020-10-22,25.99,31.31,31.31,30.42,30.81,2484600
2020-10-23,25.84,31.13,31.49,30.75,31.3,2775300
2020-10-26,26.05,31.08,31.91,30.8,31.3,6562200
2020-10-27,25.56,30.5,31.35,30.32,31.13,2974000
2020-10-28,24.13,28.8,30.04,28.76,29.95,6001100
2020-10-29,24.15,28.82,28.96,28.22,28.8,4637500
2020-10-30,23.38,27.9,28.75,27.74,28.57,10915600
2020-11-03,22.99,27.43,28.52,27.03,28.33,5731600
2020-11-04,23.67,28.24,28.34,27.43,27.66,4382800
2020-11-05,24.91,29.73,29.73,28.6,28.66,6218500
2020-11-06,26.41,31.52,31.52,29.31,29.5,8585200
2020-11-09,26.65,31.8,32.18,31.27,32.03,10508700
2020-11-10,26.04,31.07,31.95,30.44,31.79,7061600
2020-11-11,25.06,29.9,31.05,29.66,31.03,5260700
2020-11-12,24.24,28.92,30.07,28.6,29.84,5061800
2020-11-13,24.86,29.66,29.66,28.82,29.0,3538500
2020-11-16,24.76,29.55,29.95,28.96,29.83,3776100
2020-11-17,26.62,31.77,31.83,29.35,29.44,6790000
2020-11-18,26.08,31.12,31.95,31.0,31.67,4427900
2020-11-19,26.11,31.16,31.8,31.0,31.18,3000300
2020-11-23,25.48,30.4,31.45,30.26,31.4,2079600
2020-11-24,26.32,31.41,31.41,29.99,30.39,3574000
2020-11-25,26.5,31.62,31.68,30.78,31.25,4739500
2020-11-26,26.68,31.84,32.0,31.48,31.66,2435600
2020-11-27,26.58,31.72,32.38,31.36,31.85,2519900
2020-11-30,26.91,32.11,32.11,31.57,31.78,5095000
2020-12-01,26.31,31.4,32.45,31.02,32.28,3029900
2020-12-02,26.43,31.54,31.87,31.33,31.52,6517200
2020-12-03,26.05,31.08,31.76,30.99,31.54,3686300
2020-12-04,26.36,31.45,31.73,31.28,31.45,2574500
2020-12-07,26.34,31.43,32.1,31.09,31.45,1944800
2020-12-08,27.35,32.64,32.64,31.2,31.44,3513900
2020-12-09,27.01,32.23,33.35,32.15,32.46,3659200
2020-12-10,26.94,32.15,32.45,31.4,32.4,1827300
2020-12-11,27.24,32.5,32.78,31.75,31.97,2009600
2020-12-14,26.82,32.0,32.9,32.0,32.65,2866000
2020-12-15,28.32,33.79,33.94,32.0,32.0,5715600
2020-12-16,28.99,34.59,34.86,33.28,33.78,5376200
2020-12-17,29.08,34.7,35.04,34.2,34.29,2258700
2020-12-18,28.4,33.89,34.72,33.58,34.45,5857800
2020-12-21,27.91,33.3,33.9,32.77,33.3,2365800
2020-12-22,27.99,33.4,33.63,33.02,33.38,1077000
2020-12-23,28.2,33.65,33.86,33.27,33.43,999900
2020-12-28,29.25,34.9,34.95,33.88,34.01,2293900
2020-12-29,29.32,34.7,34.79,34.06,34.75,1823500
2020-12-30,28.94,34.25,34.85,33.95,34.69,1762000
2021-01-04,28.0,33.13,34.66,33.12,34.56,2604900
2021-01-05,28.93,34.23,34.45,33.48,33.5,3160100
2021-01-06,28.31,33.5,34.33,33.2,34.25,1544000
2021-01-07,28.25,33.43,33.55,33.01,33.2,1504700
2021-01-08,29.84,35.31,35.7,33.38,33.5,3929800
2021-01-11,28.82,34.1,35.4,33.7,35.13,3198300
2021-01-12,29.47,34.87,34.95,33.91,34.24,2225500
2021-01-13,29.57,34.99,35.36,34.51,34.74,3122900
2021-01-14,29.32,34.7,35.41,34.69,35.18,1337400
2021-01-15,29.41,34.8,35.0,34.04,34.7,2599600
2021-01-18,29.3,34.67,35.46,34.54,34.9,1624700
2021-01-19,29.92,35.41,35.88,34.67,34.93,3164500
2021-01-20,29.57,34.99,36.15,34.63,35.55,2297500
2021-01-21,29.35,34.73,35.43,34.43,35.16,1781300
2021-01-22,29.28,34.65,34.73,32.75,34.27,2489200
2021-01-26,28.94,34.24,34.87,33.9,34.4,2354100
2021-01-27,28.16,33.32,34.43,33.08,34.06,2153000
2021-01-28,28.9,34.2,34.5,32.89,33.36,2216600
2021-01-29,27.29,32.29,33.9,31.98,33.75,8327800
2021-02-01,27.94,33.06,33.41,32.42,32.63,3560100
2021-02-02,28.1,33.25,34.07,32.94,33.9,5564700
2021-02-03,27.91,33.02,33.49,32.46,33.42,7085800
2021-02-04,28.07,33.21,33.31,32.88,32.97,2147200
2021-02-05,27.89,33.0,33.77,32.86,33.24,1448200
2021-02-08,27.91,33.02,33.23,32.54,32.81,2042200
2021-02-09,27.73,32.81,33.25,32.5,32.55,2275200
2021-02-10,27.69,32.76,33.1,32.45,32.92,2910600
2021-02-11,28.59,33.83,34.1,32.76,32.76,3799500
2021-02-12,28.58,33.82,33.92,33.4,33.7,2097700
2021-02-17,28.67,33.93,34.39,33.15,33.25,2982500
2021-02-18,28.72,33.99,34.35,33.42,33.5,5557600
2021-02-19,29.09,34.42,34.78,33.73,34.07,4051400
2021-02-22,28.45,33.66,34.0,33.14,33.75,5040400
2021-02-23,28.53,33.76,34.2,33.2,33.46,3765800
2021-02-24,28.56,33.79,34.14,32.93,33.83,3136500
2021-02-25,28.22,33.39,34.06,33.21,33.64,5555800
2021-02-26,27.7,32.78,33.87,32.6,33.5,7476800
2021-03-01,26.58,31.45,33.19,31.27,33.15,5074300
2021-03-02,27.07,32.03,32.38,29.95,30.69,7193900
2021-03-03,26.39,31.23,31.63,29.73,31.63,6677900
2021-03-04,26.57,31.44,32.3,31.05,31.42,3057200
2021-03-05,26.8,31.71,31.87,30.31,31.36,4943900
2021-03-08,25.79,30.52,31.58,30.21,30.8,4424700
2021-03-09,26.27,31.08,31.43,30.15,30.55,3404900
2021-03-10,26.33,31.16,31.48,30.37,31.24,3305900
2021-03-11,26.87,31.79,31.93,30.96,31.2,2976500
2021-03-12,26.6,31.47,31.64,31.05,31.63,2059600
2021-03-15,26.91,31.84,31.92,31.3,31.4,1673600
2021-03-16,26.65,31.53,32.27,31.22,31.81,2288200
2021-03-17,27.32,32.33,32.37,31.03,31.07,1928400
2021-03-18,26.72,31.62,32.12,31.46,31.71,2278000
2021-03-19,27.78,32.87,33.1,31.65,31.78,3897500
2021-03-22,27.93,33.05,33.18,32.53,32.69,2368100
2021-03-23,27.61,32.67,33.11,32.4,32.75,1892400
2021-03-24,26.79,31.7,32.72,31.55,32.55,3975700
2021-03-25,27.41,32.43,32.66,31.23,31.24,3473400
2021-03-26,27.34,32.35,32.86,32.05,32.11,2314900
2021-03-29,27.47,32.2,32.23,31.54,31.64,2324900
2021-03-30,27.72,32.49,32.8,31.85,31.86,1395600
2021-03-31,27.33,32.03,32.79,32.03,32.52,2393500
2021-04-01,27.13,31.8,32.78,31.76,32.19,1438100
2021-04-05,28.26,33.12,33.34,32.02,32.02,2105900
2021-04-06,27.84,32.63,33.09,32.53,33.09,1818300
2021-04-07,27.97,32.78,33.07,32.35,32.53,1923700
2021-04-08,28.88,33.85,34.6,32.84,32.9,6447000
2021-04-09,28.52,33.43,34.32,33.2,33.81,5446300
2021-04-12,29.17,34.19,34.75,33.51,33.51,3139400
2021-04-13,29.95,35.1,35.34,34.07,34.19,5021300
2021-04-14,29.29,34.33,35.26,34.08,35.01,4210600
2021-04-15,29.8,34.93,34.98,34.3,34.3,1374000
2021-04-16,30.2,35.4,35.57,34.57,34.66,3023200
2021-04-19,30.03,35.2,35.57,35.03,35.4,1776900
2021-04-20,29.69,34.8,35.7,34.66,35.22,2702500
2021-04-22,29.97,35.12,35.65,34.81,35.05,2224700
2021-04-23,30.44,35.68,36.35,35.31,35.51,2812400
2021-04-26,29.88,35.02,36.39,34.71,35.75,3406200
2021-04-27,29.56,34.65,35.05,34.43,34.8,2211500
2021-04-28,29.59,34.68,34.75,34.05,34.55,2848600
2021-04-29,29.94,35.09,35.47,34.6,34.75,2926600
2021-04-30,29.57,34.66,35.04,34.32,34.87,3281000
2021-05-03,29.3,34.34,35.11,33.71,34.26,3719700
2021-05-04,29.1,34.1,34.68,34.09,34.5,2912600
2021-05-05,29.68,34.78,34.78,33.98,34.44,2546800
2021-05-06,28.82,33.78,34.74,33.5,34.74,2490600
2021-05-07,29.62,34.72,34.77,33.81,33.98,2310100
2021-05-10,28.98,33.97,34.57,33.7,34.5,1935000
2021-05-11,28.92,33.89,34.02,33.39,33.74,1747000
2021-05-12,28.3,33.17,33.69,33.07,33.43,2741100
2021-05-13,28.84,33.8,34.0,33.32,33.35,1862000
2021-05-14,28.78,33.73,34.32,33.47,34.07,7864000
2021-05-17,29.53,34.61,34.77,33.56,33.68,3134700
2021-05-18,29.27,34.3,34.89,34.27,34.6,1701600
2021-05-19,29.93,35.08,35.24,33.91,34.29,2823800
2021-05-20,30.2,35.39,35.5,34.83,34.93,2017800
2021-05-21,30.55,35.81,35.93,35.24,35.46,3063900
2021-05-24,30.44,35.68,36.12,35.18,35.89,2118800
2021-05-25,30.39,35.62,36.08,35.3,35.75,1639600
2021-05-26,29.99,35.15,36.17,34.99,35.8,2597200
2021-05-27,30.73,36.01,36.01,35.14,35.54,4396400
2021-05-28,30.89,36.2,36.34,35.63,36.01,2579200
2021-05-31,31.06,36.4,36.77,35.98,36.64,2506300
2021-06-01,31.42,36.82,37.53,36.4,36.71,5390100
2021-06-02,30.91,36.23,37.23,36.11,36.88,3771100
2021-06-04,30.59,35.85,36.63,35.72,36.41,2103700
2021-06-07,31.55,36.98,37.19,35.52,35.8,2954200
2021-06-08,30.55,35.81,37.0,35.81,36.95,2567200
2021-06-09,30.12,35.3,36.04,35.24,35.82,2267900
2021-06-10,30.99,36.32,36.44,35.46,35.49,2132400
2021-06-11,30.06,35.23,36.29,35.1,36.2,1613100
2021-06-14,30.21,35.41,35.52,35.02,35.42,1582200
2021-06-15,30.25,35.45,35.54,35.18,35.23,1259200
2021-06-16,30.71,35.99,36.2,35.37,35.42,4717000
2021-06-17,30.78,36.07,36.68,35.74,35.81,2098300
2021-06-18,30.97,36.3,36.55,35.76,36.08,2633900
2021-06-21,31.16,36.52,36.68,35.66,36.33,1856400
2021-06-22,31.26,36.64,36.84,36.14,36.3,2078000
2021-06-23,31.07,36.41,36.85,36.01,36.6,2098500
2021-06-24,31.19,36.56,37.18,36.21,36.59,2850000
2021-06-25,30.12,35.3,36.64,35.22,36.53,5292800
2021-06-28,30.11,35.29,35.78,34.54,35.24,2984500
2021-06-29,29.69,34.8,35.43,34.58,35.35,1779200
2021-06-30,29.41,34.47,34.68,34.03,34.3,3908600
2021-07-01,29.07,34.07,34.59,33.55,34.1,4155500
2021-07-02,29.39,34.44,34.58,33.95,34.29,2474600
2021-07-05,29.33,34.38,34.66,34.18,34.33,1258800
2021-07-06,28.91,33.88,34.26,33.65,34.22,1645300
2021-07-07,29.3,34.34,34.71,33.9,33.9,2654700
2021-07-08,28.97,33.95,34.33,33.68,33.83,2474600
2021-07-12,29.24,34.27,34.38,33.7,33.94,3037800
2021-07-13,31.1,36.45,36.45,34.45,35.03,5948900
2021-07-14,30.19,35.38,36.74,35.37,36.59,5179800
2021-07-15,29.86,35.0,35.62,34.88,35.46,1582400
2021-07-16,29.97,35.13,35.59,35.04,35.18,1919100
2021-07-19,29.78,34.9,35.11,34.45,34.89,3020400
2021-07-20,29.44,34.5,35.28,34.43,34.8,2015400
2021-07-21,29.45,34.51,35.01,34.11,34.53,3044100
2021-07-22,30.12,35.3,35.3,34.43,34.45,2865900
2021-07-23,31.22,36.27,36.27,35.24,35.44,3851600
2021-07-26,31.2,36.25,36.85,36.01,36.65,4192200
2021-07-27,30.47,35.4,36.36,35.15,36.25,2341400
2021-07-28,31.16,36.2,36.49,35.37,35.58,2489200
2021-07-29,31.4,36.48,36.68,36.1,36.31,2422700
2021-07-30,30.69,35.65,36.34,35.53,36.12,2170300
2021-08-02,31.85,37.0,37.6,36.04,36.48,4936400
2021-08-03,31.65,36.77,37.4,36.29,37.4,3412200
2021-08-04,31.74,36.88,37.19,36.48,36.54,2741600
2021-08-05,31.37,36.45,37.25,36.21,37.06,1742300
2021-08-06,31.31,36.38,36.67,36.2,36.32,2017800
2021-08-09,31.56,36.67,36.97,36.24,36.29,1705300
2021-08-10,31.31,36.37,36.82,36.2,36.44,2084500
2021-08-11,31.54,36.64,36.74,35.63,36.36,2892100
2021-08-12,31.14,36.18,36.93,36.1,36.64,2511700
2021-08-13,31.48,36.57,36.73,35.96,36.28,4464600
2021-08-16,30.55,35.49,36.61,35.1,36.58,2918400
2021-08-17,29.73,34.54,35.65,33.42,35.49,6531000
2021-08-18,29.28,34.02,35.09,33.51,34.54,6367700
2021-08-19,30.2,35.08,35.37,33.65,34.03,5849100
2021-08-20,30.52,35.46,35.6,34.56,34.57,3315900
2021-08-23,30.39,35.31,35.68,35.0,35.45,2246100
2021-08-24,29.95,34.79,35.65,34.65,35.31,2841100
2021-08-25,30.15,35.03,35.03,34.57,34.63,2495500
2021-08-26,29.73,34.54,35.09,34.45,35.03,2066100
2021-08-27,29.69,34.49,34.63,34.11,34.55,2006000
2021-08-30,29.58,34.37,34.41,33.95,34.2,1793200
2021-08-31,30.62,35.57,35.57,34.12,34.38,6840200
2021-09-01,30.15,35.03,36.53,34.64,35.3,4369200
2021-09-02,29.33,34.08,34.92,34.01,34.81,2384200
2021-09-03,29.68,34.48,34.91,34.03,34.09,4194200
2021-09-06,29.93,34.77,35.19,34.22,34.22,1202700
2021-09-08,28.92,33.6,34.82,33.54,34.78,2326300
2021-09-09,29.95,34.8,34.9,33.53,33.68,2810000
2021-09-10,29.69,34.49,35.15,34.29,34.99,1873200
2021-09-13,29.96,34.81,35.27,34.59,34.94,1726600
2021-09-14,29.95,34.8,35.0,34.53,34.7,2439900
2021-09-15,29.48,34.25,34.67,34.02,34.57,2361100
2021-09-16,28.86,33.53,33.71,32.24,33.27,5473100
2021-09-17,28.81,33.47,33.73,33.03,33.38,3658400
2021-09-20,28.53,33.14,33.76,32.73,33.6,2024700
2021-09-21,28.21,32.77,33.44,32.69,32.8,2054900
2021-09-22,28.29,32.87,33.3,32.48,32.76,2713400
2021-09-23,28.27,32.84,33.15,32.35,32.91,3284800
2021-09-24,28.14,32.69,32.92,31.99,32.46,2813300
2021-09-27,27.83,32.33,32.59,31.83,32.13,3196000
2021-09-28,27.76,31.94,32.0,31.31,31.77,2339500
2021-09-29,27.96,32.17,32.4,31.72,32.15,3134800
2021-09-30,27.93,32.14,32.61,31.87,32.31,3412100
2021-10-01,27.94,32.15,32.6,31.9,32.12,2540200
2021-10-04,26.38,30.35,31.97,30.22,31.71,4970700
2021-10-05,26.27,30.23,30.78,30.08,30.55,4848000
2021-10-06,25.91,29.81,30.35,29.48,30.0,5498100
2021-10-07,25.4,29.23,30.3,29.15,29.81,3662400
2021-10-08,25.52,29.37,29.9,29.34,29.42,3798800
2021-10-11,25.59,29.45,30.03,29.25,29.4,2865000
2021-10-13,25.73,29.61,29.88,29.25,29.25,2975900
2021-10-14,25.42,29.25,29.73,29.24,29.65,1818400
2021-10-15,26.05,29.98,30.07,28.97,29.28,3315100
2021-10-18,26.49,30.48,30.79,29.54,29.76,3442500
2021-10-19,25.4,29.23,30.17,29.0,30.17,3159400
2021-10-20,25.47,29.31,29.52,28.91,29.37,3192300
2021-10-21,24.81,28.55,28.96,28.04,28.7,3496900
2021-10-22,24.3,27.96,28.7,27.54,27.98,10602300
2021-10-25,24.98,28.75,29.48,28.35,28.41,6769500
2021-10-26,24.35,28.02,28.76,27.78,28.52,2667800
2021-10-27,24.78,28.52,29.03,28.02,28.02,3726800
2021-10-28,24.37,28.04,28.93,27.9,28.48,2221300
2021-10-29,24.39,28.06,28.43,27.67,28.16,3567100
2021-11-01,25.07,28.85,28.91,28.19,28.38,4124900
2021-11-03,25.83,29.72,30.07,28.4,28.4,5782600
2021-11-04,25.3,29.11,29.68,28.77,29.63,2332200
2021-11-05,25.45,29.28,29.62,29.07,29.33,2164400
2021-11-08,25.11,28.89,29.49,28.83,29.12,1972200
2021-11-09,25.65,29.52,29.78,28.66,28.84,3370000
2021-11-10,25.32,29.14,29.62,28.85,29.41,3243200
2021-11-11,25.55,29.4,29.68,29.0,29.43,3088400
2021-11-12,25.57,29.42,29.84,29.26,29.34,3456800
2021-11-16,25.25,29.05,29.74,28.96,29.7,2505400
2021-11-17,24.99,28.76,29.4,28.39,29.39,2454600
2021-11-18,25.22,29.02,29.47,28.89,29.11,3269400
2021-11-19,25.14,28.93,29.54,28.93,29.17,2643000
2021-11-22,24.95,28.71,29.46,28.5,28.79,2608500
2021-11-23,24.77,28.5,28.85,28.15,28.66,3612300
2021-11-24,24.76,28.49,28.91,28.25,28.27,2394200
2021-11-25,25.06,28.84,28.99,28.49,28.55,2133800
2021-11-26,24.19,27.84,28.42,27.75,28.35,2159000
2021-11-29,23.77,27.35,28.23,27.32,28.19,3430000
2021-11-30,23.57,27.12,27.75,26.72,27.28,6400700
2021-12-01,23.29,26.8,27.81,26.8,27.5,3790900
2021-12-02,23.95,27.56,27.56,26.79,27.32,4777900
2021-12-03,24.58,28.28,28.74,27.55,27.56,3838400
2021-12-06,24.65,28.36,28.93,28.27,28.52,2078000
2021-12-07,24.95,28.71,29.26,28.59,28.67,2733500
2021-12-08,25.18,28.97,29.03,28.5,28.86,2171100
2021-12-09,25.28,29.09,29.39,28.68,28.77,3096100
2021-12-10,25.66,29.53,29.99,29.3,29.5,2359100
2021-12-13,25.48,29.32,30.2,29.32,29.5,3174900
2021-12-14,25.24,29.04,29.95,29.03,29.63,2075800
2021-12-15,25.56,29.41,29.47,29.0,29.0,2538200
2021-12-16,25.47,29.31,29.69,29.1,29.55,2730500
2021-12-17,25.6,29.46,29.86,28.91,29.0,4899400
2021-12-20,25.1,28.88,29.38,28.71,28.98,3217300
2021-12-21,24.94,28.7,29.17,28.52,28.83,2276400
2021-12-22,24.7,28.42,28.91,28.28,28.73,1864800
2021-12-23,24.66,28.38,28.63,28.03,28.63,1518000
2021-12-27,24.92,28.68,29.26,28.18,28.18,2353100
2021-12-28,25.25,29.05,29.26,28.75,28.87,1653600
2021-12-29,24.56,27.96,28.78,27.86,28.78,1623300
2021-12-30,24.83,28.27,28.41,27.9,28.09,1953600
2022-01-03,24.11,27.45,28.51,27.3,28.25,2667800
2022-01-04,23.98,27.3,27.73,26.82,27.35,2205000
2022-01-05,23.55,26.81,27.49,26.8,27.12,3107700
2022-01-06,23.8,27.09,27.65,26.65,27.16,2578400
2022-01-07,23.97,27.29,27.75,26.81,26.9,2643400
2022-01-10,23.51,26.76,27.32,26.25,27.28,2760900
2022-01-11,23.46,26.71,27.27,26.63,27.14,4997200
2022-01-12,23.51,26.76,26.92,26.54,26.65,8990400
2022-01-13,23.8,27.09,27.61,26.63,26.66,7994700
2022-01-14,24.59,28.0,28.14,27.04,27.19,3031900
2022-01-17,24.44,27.82,28.34,27.82,28.07,1593500
2022-01-18,24.62,28.03,28.22,27.38,27.7,2654400
2022-01-19,24.96,28.42,28.9,28.09,28.3,4594600
2022-01-20,25.49,29.02,29.3,28.37,28.55,5182100
2022-01-21,25.88,29.46,29.62,28.69,28.91,3677200
2022-01-24,25.53,29.06,29.52,28.88,29.41,1952000
2022-01-25,25.88,29.46,29.59,28.67,28.85,2070000
2022-01-26,26.28,29.92,30.35,29.24,29.65,2866900
2022-01-27,26.32,29.97,30.41,29.74,30.41,1756600
2022-01-28,26.38,30.03,30.33,29.52,29.79,1599000
2022-01-31,27.33,31.11,31.25,29.78,29.89,4560500
2022-02-01,27.35,31.14,31.53,30.53,31.28,2677900
2022-02-02,27.16,30.92,31.41,30.69,31.13,1724500
2022-02-03,27.4,31.19,31.3,30.72,30.8,2018000
2022-02-04,27.13,30.89,31.13,30.44,31.13,1499200
2022-02-07,27.29,31.07,31.34,30.66,30.8,2759000
2022-02-08,27.27,31.05,31.24,30.62,30.88,3365000
2022-02-09,27.39,31.18,31.46,30.85,31.0,2590500
2022-02-10,27.26,31.03,31.44,30.56,31.2,3514500
2022-02-11,27.07,30.82,31.46,30.69,31.2,3325800
2022-02-14,28.25,32.16,32.3,30.87,31.3,3896000
2022-02-15,27.96,31.83,32.56,31.51,32.5,3733100
2022-02-16,27.86,31.72,31.97,31.34,31.83,3667600
2022-02-17,28.22,32.13,32.67,31.73,31.73,5013400
2022-02-18,28.64,32.61,32.79,32.09,32.23,2247500
2022-02-21,28.03,31.91,32.78,31.91,32.66,1420000
2022-02-22,28.77,32.75,33.26,32.04,32.04,3173100
2022-02-23,28.58,32.54,32.98,32.4,32.62,2917300
2022-02-24,28.63,32.59,33.16,31.58,31.91,2618000
2022-02-25,29.43,33.5,34.57,32.7,32.86,9242900
2022-03-02,29.29,33.35,34.74,33.28,33.78,3627600
2022-03-03,29.27,33.32,33.7,32.81,33.3,2278800
2022-03-04,28.43,32.37,33.64,31.96,33.37,3827800
2022-03-07,28.11,32.0,32.29,31.42,32.01,5147800
2022-03-08,28.45,32.39,32.88,31.71,32.0,3561000
2022-03-09,29.28,33.33,33.58,32.21,32.69,3110300
2022-03-10,28.66,32.63,33.05,32.36,32.92,3427900
2022-03-11,28.22,32.13,32.92,31.92,32.87,2774800
2022-03-14,28.28,32.2,32.7,32.07,32.2,3364500
2022-03-15,29.11,33.14,33.29,31.78,31.91,8182100
2022-03-16,29.58,33.68,33.97,33.3,33.34,3630800
2022-03-17,30.3,34.49,34.56,33.68,33.89,3976400
2022-03-18,30.41,34.62,35.16,34.02,34.49,5228800
2022-03-21,31.18,35.5,35.72,34.86,35.06,5167800
2022-03-22,31.81,36.21,36.79,35.5,35.5,4184600
2022-03-23,31.96,36.38,36.52,35.83,36.11,4289000
2022-03-24,32.63,37.15,37.26,36.1,36.32,4765700
2022-03-25,33.86,38.55,38.71,37.12,37.18,5315900
2022-03-28,33.69,38.36,38.79,37.9,38.34,4044500
2022-03-29,33.49,37.82,39.82,37.44,39.64,4167700
2022-03-30,33.85,38.23,38.74,37.49,37.76,3674000
2022-03-31,34.28,38.71,38.83,38.12,38.43,5218100
2022-04-01,34.73,39.22,39.97,38.78,38.95,8099400
2022-04-04,34.53,39.0,39.48,38.88,39.4,2982900
2022-04-05,34.58,39.05,39.75,38.82,38.87,4243300
2022-04-06,34.37,38.81,39.02,38.14,38.85,2870800
2022-04-07,34.2,38.62,38.8,38.23,38.47,2326300
2022-04-08,34.46,38.92,39.12,37.99,38.39,2887800
2022-04-11,34.8,39.3,39.43,37.8,38.91,5120600
2022-04-12,34.79,39.29,40.39,39.14,39.55,6615800
2022-04-13,34.88,39.39,40.08,38.79,39.42,4773600
2022-04-14,34.3,38.74,39.24,38.37,39.24,3947600
2022-04-18,34.23,38.66,39.03,38.46,38.58,2289000
2022-04-19,33.54,37.88,38.7,37.33,38.51,8766000
2022-04-20,33.47,37.8,38.0,36.53,37.65,10187700
2022-04-22,33.47,37.8,38.62,37.3,37.3,6104500
2022-04-25,33.25,37.55,38.08,37.48,37.7,2919900
2022-04-26,32.56,36.77,38.14,36.74,37.32,4000700
2022-04-27,32.79,37.03,37.8,36.68,37.16,3150500
2022-04-28,33.78,38.15,38.24,36.84,37.31,5695500
2022-04-29,33.14,37.42,39.19,37.04,38.41,8120800
2022-05-02,32.81,37.05,37.69,36.21,37.69,4451800
2022-05-03,32.34,36.52,37.06,36.21,37.0,2773500
2022-05-04,33.28,37.58,37.6,36.05,36.25,4317800
2022-05-05,31.59,35.68,37.28,34.79,37.18,6140500
2022-05-06,31.64,35.73,35.98,35.34,35.55,2674900
2022-05-09,31.4,35.46,36.07,35.14,35.25,2170800
2022-05-10,31.35,35.4,36.0,35.06,35.63,1766800
2022-05-11,31.93,36.06,36.79,35.55,35.55,3339700
2022-05-12,32.62,36.84,37.09,35.64,35.79,3060900
2022-05-13,33.0,37.27,37.61,36.88,37.2,2783900
2022-05-16,32.82,37.06,37.29,36.81,37.27,2018600
2022-05-17,33.16,37.45,37.7,37.09,37.4,2132700
2022-05-18,31.94,36.07,37.75,35.84,37.39,4301000
2022-05-19,32.69,36.92,37.35,35.94,36.1,4498000
2022-05-20,34.32,38.76,38.83,37.22,37.25,5686800
2022-05-23,34.58,39.05,39.29,38.71,38.8,3112700
2022-05-24,35.11,39.65,39.78,38.71,38.71,4456000
2022-05-25,35.77,40.4,40.62,39.43,39.58,5253800
2022-05-26,35.49,40.08,41.17,39.88,40.39,4454400
2022-05-27,34.63,39.11,40.12,38.9,39.97,4891000
2022-05-30,34.18,38.6,39.44,38.42,39.28,1627800
2022-05-31,34.35,38.79,38.89,37.83,38.36,8294500
2022-06-01,36.98,41.76,42.02,40.11,40.58,15562200
2022-06-02,36.94,41.72,42.21,40.43,42.0,8654800
2022-06-03,37.24,42.05,42.36,41.24,41.48,3548500
2022-06-06,37.05,41.84,42.92,41.64,42.11,3768500
2022-06-07,36.24,40.93,41.81,40.79,41.41,4727800
2022-06-08,35.36,39.93,40.74,39.65,40.69,4235300
2022-06-09,34.25,38.68,40.11,38.58,39.99,4677400
2022-06-10,34.45,38.9,39.33,37.81,38.5,4474000
2022-06-13,33.57,37.91,38.25,37.43,37.95,3530600
2022-06-14,32.91,37.16,38.11,36.74,37.77,2667800
2022-06-15,34.13,38.54,39.13,37.41,37.45,5001500
2022-06-17,33.81,38.18,38.31,37.18,37.58,4759200
2022-06-20,33.29,37.6,38.3,37.53,37.98,1374500
2022-06-21,33.21,37.5,37.99,37.17,37.66,2357400
2022-06-22,33.82,38.19,38.67,37.13,37.21,2915800
2022-06-23,34.33,38.77,39.18,38.26,38.43,2857400
2022-06-24,33.6,37.95,38.95,37.67,38.95,2637300
2022-06-27,34.35,38.79,38.98,37.98,38.11,2604000
2022-06-28,34.19,38.31,38.95,37.46,38.61,3216400
2022-06-29,33.38,37.4,38.62,37.22,38.32,4111000
2022-06-30,33.95,38.04,38.23,36.37,36.63,4351200
2022-07-01,33.53,37.57,37.81,37.04,37.56,2833800
2022-07-04,33.26,37.26,37.45,36.43,37.31,1659400
2022-07-05,33.53,37.56,37.83,36.7,37.0,2437300
2022-07-06,35.79,40.1,40.3,38.0,38.0,6732400
2022-07-07,35.73,40.03,40.54,39.44,40.3,4220900
2022-07-08,35.64,39.93,40.25,39.66,40.08,1263200
2022-07-11,34.91,39.11,40.03,38.81,39.8,2393900
2022-07-12,35.14,39.37,39.83,38.95,39.11,1898900
2022-07-13,35.24,39.48,39.75,38.57,39.19,2535000
2022-07-14,34.97,39.18,39.7,38.76,39.0,1998000
2022-07-15,35.58,39.86,40.48,38.8,39.03,4164400
2022-07-18,35.34,39.59,40.38,39.5,40.38,2061800
2022-07-19,36.15,40.5,41.07,39.95,40.15,5115400
2022-07-20,35.0,39.21,40.7,38.33,40.45,3553700
2022-07-21,35.4,39.66,39.84,38.22,39.01,2128200
2022-07-22,35.64,39.93,40.26,39.58,39.83,1931400
2022-07-25,35.36,39.62,40.23,39.43,40.1,1858800
2022-07-26,35.03,39.25,39.98,39.05,39.62,2322000
2022-07-27,35.57,39.85,39.92,39.08,39.34,1724500
2022-07-28,36.14,40.49,40.85,39.72,39.79,2159700
2022-07-29,38.02,42.59,42.7,40.4,40.4,6684600
2022-08-01,37.71,42.25,42.8,41.82,42.55,2935300
2022-08-02,38.05,42.63,43.11,42.17,42.56,2521400
2022-08-03,38.42,43.04,43.04,42.42,42.81,2515700
2022-08-04,38.02,42.6,43.36,42.01,43.25,2886500
2022-08-05,38.16,42.75,42.88,42.33,42.41,1793100
2022-08-08,38.35,42.96,43.37,42.41,42.99,1379400
2022-08-09,37.55,42.07,43.35,41.61,43.35,3094300
2022-08-10,38.38,43.0,43.08,42.56,42.92,2164800
2022-08-11,37.14,41.61,43.23,41.32,43.23,2571900
2022-08-12,37.94,42.51,42.59,41.96,42.01,2950800
2022-08-15,37.29,41.78,42.68,41.5,42.17,2433900
2022-08-16,37.43,41.94,42.16,40.83,41.54,2286500
2022-08-17,37.35,41.85,42.07,41.48,41.67,3044100
2022-08-18,36.66,41.07,42.04,40.69,41.82,2596300
2022-08-19,37.28,41.77,42.3,40.7,40.7,4469400
2022-08-22,37.88,42.44,42.96,41.21,41.21,2600400
2022-08-23,37.93,42.49,42.94,42.08,42.35,1548600
2022-08-24,39.29,44.02,44.18,42.31,42.31,3163800
2022-08-25,39.18,43.9,44.08,43.56,44.07,1786500
2022-08-26,38.61,43.26,44.25,43.05,44.06,1794000
2022-08-29,38.86,43.54,44.13,43.05,43.06,1963900
2022-08-30,39.1,43.8,43.98,43.44,43.98,2200500
2022-08-31,38.44,43.07,44.3,42.83,44.0,3246800
2022-09-01,39.02,43.72,44.47,42.97,42.98,2633900
2022-09-02,39.06,43.76,44.4,42.84,43.53,4647600
2022-09-05,38.96,43.65,44.02,43.07,43.86,1826300
2022-09-06,38.32,42.93,43.34,42.54,43.32,3839800
2022-09-08,38.77,43.44,43.44,42.51,43.13,2628400
2022-09-09,38.93,43.62,43.91,43.29,43.55,2100000
2022-09-12,39.1,43.8,44.05,43.6,43.9,1956100
2022-09-13,38.98,43.67,44.2,43.23,43.31,2467500
2022-09-14,38.6,43.25,43.73,42.9,43.55,2016400
2022-09-15,38.17,42.76,43.34,42.01,43.08,2280500
2022-09-16,37.57,42.09,42.6,41.75,42.54,3898200
2022-09-19,39.19,43.91,44.14,42.41,42.7,6236900
2022-09-20,39.47,44.22,44.55,43.89,44.28,5499600
2022-09-21,40.13,44.96,45.13,44.09,44.09,5599300
2022-09-22,40.21,45.05,45.25,44.41,45.14,3197900
2022-09-23,41.01,45.94,46.01,44.14,44.3,3979600
2022-09-26,40.4,45.26,45.87,45.14,45.87,1942300
2022-09-27,40.0,44.81,45.0,44.74,44.81,2364000
2022-09-28,39.56,44.32,44.99,44.01,44.79,3824000
2022-09-29,39.23,43.65,43.85,42.86,43.56,4320100
2022-09-30,39.77,44.25,44.5,43.19,43.4,3607700
2022-10-03,41.03,45.65,45.75,44.56,45.64,4325900
2022-10-04,40.82,45.42,46.51,45.22,46.16,2151900
2022-10-05,41.62,46.3,46.71,45.07,45.8,3337800
2022-10-06,41.71,46.4,46.76,46.14,46.5,3827300
2022-10-07,41.28,45.93,46.67,45.84,46.19,1850100
2022-10-10,42.31,47.07,47.07,46.05,46.05,3006000
2022-10-11,41.88,46.59,47.57,46.37,46.9,3923900
2022-10-13,41.41,46.07,46.75,45.57,46.01,2951100
2022-10-14,41.12,45.75,46.65,45.52,46.5,2250300
2022-10-17,42.41,47.18,47.32,45.87,45.91,2470800
2022-10-18,43.14,48.0,48.56,47.5,48.24,4916000
2022-10-19,43.81,48.74,49.57,47.83,48.06,9636300
2022-10-20,43.56,48.46,49.34,48.24,49.04,4275700
2022-10-21,43.77,48.7,48.96,48.01,48.4,2832700
2022-10-24,43.17,48.03,48.81,47.89,48.52,1641800
2022-10-25,41.49,46.16,48.03,45.99,47.84,2592700
2022-10-26,41.57,46.25,46.56,45.34,46.0,4454300
2022-10-27,43.14,48.0,48.48,46.7,46.71,3698000
2022-10-28,43.89,48.83,49.13,47.85,48.32,5190900
2022-10-31,45.67,50.81,51.11,48.06,48.08,7915400
2022-11-01,43.96,48.91,50.93,48.73,50.27,6567800
2022-11-03,43.28,48.15,48.74,47.91,48.33,6529000
2022-11-04,43.23,48.1,48.92,47.95,48.5,3156800
2022-11-07,43.07,47.92,48.81,47.7,47.7,2818000
2022-11-08,43.84,48.77,48.87,47.52,47.7,3630000
2022-11-09,43.66,48.57,49.63,48.46,48.62,2812000
2022-11-10,42.43,47.21,48.74,46.0,48.34,4329800
2022-11-11,42.06,46.79,47.84,46.14,47.22,4034300
2022-11-14,42.77,47.58,48.28,46.87,47.21,4473900
2022-11-16,40.56,45.13,47.68,44.69,47.51,10330600
2022-11-17,40.86,45.46,45.73,43.07,44.57,9133400
2022-11-18,40.18,44.7,46.73,44.27,45.72,5334000
2022-11-21,40.93,45.54,45.79,45.04,45.46,2801400
2022-11-22,39.85,44.34,45.89,44.03,45.79,3628300
2022-11-23,39.15,43.56,44.9,43.09,44.22,2589200
2022-11-24,40.54,45.1,45.31,43.61,43.61,1565000
2022-11-25,40.14,44.66,45.33,44.01,45.14,2307400
2022-11-28,39.7,44.17,44.88,43.89,44.84,1547700
2022-11-29,39.92,44.41,44.97,43.52,43.89,2085600
2022-11-30,39.94,44.44,44.94,43.68,44.31,4912700
2022-12-01,39.89,44.38,44.6,43.39,43.92,2338900
2022-12-02,40.68,45.26,46.51,44.39,44.43,2122300
2022-12-05,38.87,43.25,45.11,43.18,45.11,2944200
2022-12-06,37.94,42.21,43.58,41.64,43.5,6501800
2022-12-07,38.47,42.8,43.12,42.04,42.12,3758000
2022-12-08,38.23,42.53,43.47,42.27,42.69,2949300
2022-12-09,38.16,42.46,42.59,41.89,42.4,2488100
2022-12-12,37.27,41.46,42.81,41.11,42.16,2955600
2022-12-13,36.94,41.1,41.99,40.57,41.47,3629500
2022-12-14,37.47,41.69,41.96,40.55,40.55,6462500
2022-12-15,37.84,42.1,42.89,41.07,41.07,3291700
2022-12-16,38.21,42.51,42.56,41.75,42.02,4132800
2022-12-19,38.96,43.35,43.79,42.42,42.67,3425900
2022-12-20,39.47,43.91,44.22,42.89,43.27,3519400
2022-12-21,39.73,44.2,44.52,42.84,43.91,3667100
2022-12-22,40.16,44.68,45.0,44.04,44.28,1730300
2022-12-23,40.57,44.83,45.59,44.44,44.67,1860800
2022-12-26,39.91,44.1,45.05,43.82,44.74,1041100
2022-12-27,40.1,44.31,44.92,43.74,44.1,2195800
2022-12-28,40.6,44.86,45.16,44.43,44.56,1899100
2022-12-29,40.91,45.2,45.79,44.84,45.02,4221500
2023-01-02,39.58,43.73,44.77,43.22,44.7,2145500
2023-01-03,37.87,41.84,44.0,41.45,43.58,3640300
2023-01-04,37.99,41.98,42.55,41.28,42.55,5473900
2023-01-05,38.48,42.52,42.7,41.72,41.96,4478300
2023-01-06,39.04,43.13,43.22,42.32,42.52,2421500
2023-01-09,38.89,42.97,43.64,42.67,43.64,4389000
2023-01-10,39.14,43.25,43.55,42.19,42.38,2555300
2023-01-11,40.75,45.03,45.2,43.12,43.21,3795200
2023-01-12,40.83,45.11,45.66,44.27,45.03,2738700
2023-01-13,40.14,44.35,45.04,43.94,44.94,4312700
2023-01-16,39.0,43.09,44.26,42.58,43.99,3095200
2023-01-17,39.18,43.29,43.77,42.83,43.15,4573600
2023-01-18,40.26,44.48,44.9,43.68,43.85,4523900
2023-01-19,40.56,44.81,45.27,43.89,43.97,3820100
2023-01-20,40.18,44.4,45.1,44.22,44.94,2270500
2023-01-23,39.8,43.97,44.78,43.45,44.37,2494700
2023-01-24,39.86,44.04,44.42,43.53,44.02,3646000
2023-01-25,40.09,44.29,44.4,43.29,44.03,5000300
2023-01-26,39.89,44.08,44.48,44.0,44.1,3352000
2023-01-27,40.43,44.67,45.05,43.84,44.08,2964400
2023-01-30,40.63,44.89,45.24,44.6,44.7,3774900
2023-01-31,41.99,46.4,46.69,45.06,45.24,5527800
2023-02-01,41.6,45.96,47.02,45.48,46.5,2711600
2023-02-02,40.73,45.0,46.14,44.64,45.63,4295900
2023-02-03,40.63,44.89,45.43,44.17,44.77,2705900
2023-02-06,40.83,45.11,45.37,44.37,44.6,3644700
2023-02-07,40.28,44.51,45.3,44.35,45.1,3980600
2023-02-08,40.83,45.11,45.33,44.69,44.85,4560800
2023-02-09,40.62,44.88,45.42,44.65,45.11,3732000
2023-02-10,41.18,45.5,45.86,44.62,44.72,3369600
2023-02-13,41.09,45.4,46.0,45.05,45.5,2488100
2023-02-14,40.8,45.08,45.62,44.61,45.62,3274600
2023-02-15,41.32,45.65,46.4,44.87,44.94,4463100
2023-02-16,41.93,46.33,46.68,44.97,45.56,3296800
2023-02-17,39.88,44.06,46.26,43.49,46.24,10823900
2023-02-22,39.63,43.79,44.0,42.91,43.5,3660300
2023-02-23,39.91,44.1,44.54,43.35,43.76,4876900
2023-02-24,39.32,43.45,44.25,43.2,44.12,5587800
2023-02-27,38.56,42.6,43.59,42.41,43.57,3966000
2023-02-28,37.7,41.65,42.6,41.47,42.59,7299900
2023-03-01,37.35,41.27,43.46,40.52,43.46,4890900
2023-03-02,37.81,41.78,42.44,41.14,41.14,4788700
2023-03-03,37.89,41.87,42.21,41.48,41.75,2729900
2023-03-06,38.37,42.4,42.61,41.6,41.81,2841800
2023-03-07,37.82,41.79,42.62,41.68,42.5,4468500
2023-03-08,38.3,42.32,42.39,41.68,41.68,2499500
2023-03-09,37.29,41.2,42.39,41.05,42.3,6057000
2023-03-10,36.61,40.45,41.09,40.15,41.09,3764400
2023-03-13,36.62,40.46,40.88,39.81,40.0,2198200
2023-03-14,36.81,40.67,41.13,40.34,40.37,3369300
2023-03-15,37.24,41.15,41.27,40.16,40.24,2958700
2023-03-16,37.62,41.57,41.69,40.86,41.24,4419100
2023-03-17,37.1,40.99,41.61,40.9,41.59,4444400
2023-03-20,36.94,40.81,41.05,40.29,40.93,2831300
2023-03-21,36.5,40.33,40.94,40.13,40.75,2297600
2023-03-22,36.22,40.02,40.46,39.85,40.2,1517000
2023-03-23,35.72,39.47,40.64,39.0,40.03,2114400
2023-03-24,35.9,39.67,39.84,39.32,39.71,3490600
2023-03-27,35.85,39.61,40.22,39.42,39.83,1799400
2023-03-28,36.67,40.52,40.64,39.4,39.4,3861900
2023-03-29,36.79,40.65,40.88,40.21,40.8,2824000
2023-03-30,36.1,39.58,40.83,39.58,40.68,7699000
2023-03-31,34.38,37.7,39.6,37.4,39.6,12789300
2023-04-03,33.2,36.41,37.66,36.1,37.66,8850800
2023-04-04,34.55,37.88,37.94,36.6,36.77,9422300
2023-04-05,34.65,38.0,38.92,37.5,38.0,12124700
2023-04-06,34.51,37.84,38.51,37.74,38.08,4522600
2023-04-10,33.33,36.55,37.5,36.33,37.5,5382400
2023-04-11,34.57,37.91,38.45,36.62,36.65,6734400
2023-04-12,34.5,37.83,38.29,37.62,37.84,6459400
2023-04-13,34.34,37.65,38.87,37.22,37.83,9786800
2023-04-14,34.11,37.4,37.74,36.84,37.49,4327900
2023-04-17,34.49,37.82,37.9,36.89,37.45,3757200
2023-04-18,34.24,37.55,38.12,37.16,38.12,2936500
2023-04-19,33.35,36.57,37.46,36.33,37.27,3691400
2023-04-20,33.82,37.08,37.21,35.92,36.59,4015300
2023-04-24,33.38,36.6,37.3,36.37,36.7,2855300
2023-04-25,32.66,35.81,36.4,35.4,36.25,4717900
2023-04-26,32.86,36.03,36.23,35.43,35.8,2884000
2023-04-27,32.83,36.0,36.2,35.56,36.0,2829400
2023-04-28,33.97,37.25,37.62,35.49,35.98,4594800
2023-05-02,33.71,36.96,37.31,36.48,37.05,5004900
2023-05-03,33.36,36.58,36.97,36.35,36.69,2586800
2023-05-04,33.49,36.72,37.51,36.28,37.0,2366500
2023-05-05,34.13,37.43,37.82,36.97,37.2,3007700
2023-05-08,34.4,37.72,38.1,37.6,37.84,2266800
2023-05-09,35.13,38.52,38.83,37.38,37.72,3234400
2023-05-10,35.17,38.57,38.86,38.26,38.58,2379900
2023-05-11,34.4,37.72,38.45,37.59,38.45,3593400
2023-05-12,34.71,38.06,38.3,37.17,37.28,3104100
2023-05-15,34.71,38.06,38.53,37.96,38.19,6097100
2023-05-16,34.47,37.8,38.43,37.66,37.78,4326300
2023-05-17,34.65,38.0,38.1,37.83,38.0,3438600
2023-05-18,35.16,38.55,38.84,37.81,37.89,2703400
2023-05-19,35.96,39.43,39.91,38.57,38.98,3446700
2023-05-22,36.3,39.8,40.3,39.49,39.6,2804500
2023-05-23,35.89,39.35,40.07,39.21,39.73,2901700
2023-05-24,35.81,39.27,39.74,39.17,39.21,2093700
2023-05-25,36.83,40.39,40.75,39.71,40.04,4052600
2023-05-26,37.57,41.2,41.46,40.47,40.96,3902200
2023-05-29,37.78,41.43,41.44,40.97,41.14,1525200
2023-05-30,37.44,41.05,41.76,40.86,41.72,2748400
2023-05-31,37.23,40.82,41.55,40.58,40.85,7577800
2023-06-01,37.93,41.59,41.95,40.28,40.29,4675700
2023-06-02,38.29,41.99,42.28,41.51,41.9,2081900
2023-06-05,38.84,42.59,42.75,41.91,41.91,2736300
2023-06-06,40.37,44.27,44.94,42.79,42.94,5809700
2023-06-07,40.08,43.95,44.89,43.84,44.71,2702300
2023-06-09,41.8,45.84,46.11,44.14,44.15,37794500
2023-06-12,42.01,46.07,46.6,45.81,45.81,2805900
2023-06-13,41.38,45.37,46.58,45.13,46.2,4272100
2023-06-14,41.8,45.84,45.89,45.23,45.71,3672700
2023-06-15,41.49,45.49,46.05,45.28,45.28,2309300
2023-06-16,41.21,45.19,46.27,45.08,45.08,3571600
2023-06-19,41.34,45.33,45.67,45.13,45.3,1080300
2023-06-20,40.58,44.5,45.38,43.84,45.28,4372800
2023-06-21,40.36,44.26,44.69,43.9,44.5,4806900
2023-06-22,39.51,43.32,44.28,42.95,43.94,6312100
2023-06-23,39.89,43.74,44.07,42.77,43.21,2628200
2023-06-26,39.53,43.35,44.11,42.92,43.85,2084500
2023-06-27,39.15,42.93,43.96,42.44,43.5,2332800
2023-06-28,39.93,43.78,44.02,42.63,42.63,3462300
2023-06-29,40.84,44.78,45.09,43.9,44.17,3613100
2023-06-30,41.96,46.01,46.26,45.05,45.12,4343500
2023-07-03,42.43,46.53,46.56,46.04,46.53,2006500
2023-07-04,42.35,46.13,46.38,45.9,46.2,1284200
2023-07-05,42.6,46.4,46.84,45.63,46.03,2247700
2023-07-06,42.13,45.89,46.37,45.64,45.8,1718800
2023-07-07,41.99,45.74,46.3,45.62,46.05,4001000
2023-07-10,41.35,45.04,45.83,45.01,45.5,1659100
2023-07-11,41.11,44.78,44.98,44.11,44.65,2168200
2023-07-12,41.39,45.08,45.92,44.85,44.85,1850700
2023-07-13,41.48,45.18,45.81,44.9,45.04,2082200
2023-07-14,40.99,44.65,45.37,44.38,45.08,2213600
2023-07-17,41.33,45.02,45.2,44.31,44.31,1468400
2023-07-18,40.72,44.35,45.23,44.19,45.13,1904700
2023-07-19,40.41,44.02,44.6,43.56,44.34,2150600
2023-07-20,40.2,43.79,44.22,43.4,43.9,2864700
2023-07-21,40.98,44.64,44.72,43.88,44.02,2326300
2023-07-24,40.58,44.2,44.67,43.93,44.18,3119300
2023-07-25,40.67,44.3,44.88,43.75,44.45,3542500
2023-07-26,41.17,44.85,45.04,44.3,44.32,1357500
2023-07-27,40.47,44.08,45.65,43.9,45.05,2233600
2023-07-28,40.39,44.0,44.46,43.4,44.46,2597900
2023-07-31,39.71,43.26,44.27,43.1,44.19,4869900
2023-08-01,39.87,43.43,43.64,42.69,43.38,5196900
2023-08-02,40.41,44.02,44.31,43.03,43.4,3499400
2023-08-03,40.73,44.37,44.98,43.92,44.15,2439500
2023-08-04,40.94,44.59,44.86,44.08,44.32,2619100
2023-08-07,40.87,44.52,45.21,44.35,44.6,1610200
2023-08-08,39.97,43.54,44.42,43.2,43.95,2080100
2023-08-09,39.71,43.26,43.65,42.79,43.54,1710100
2023-08-10,40.59,44.21,44.49,43.13,43.26,2107400
2023-08-11,39.98,43.55,44.19,43.37,43.98,2761900
2023-08-14,39.55,43.08,43.47,42.93,43.19,1548500
2023-08-15,39.15,42.65,43.41,42.58,42.97,1240800
2023-08-16,38.34,41.76,42.69,41.72,42.41,3927600
2023-08-17,38.31,41.73,42.24,41.29,41.89,3745300
2023-08-18,38.01,41.4,41.91,41.37,41.87,2113200
2023-08-21,37.78,41.15,41.62,41.02,41.02,1814000
2023-08-22,37.81,41.19,41.39,40.79,41.32,2652800
2023-08-23,37.54,40.89,41.21,40.46,41.2,3541500
2023-08-24,36.84,40.13,40.87,40.06,40.6,3389900
2023-08-25,36.8,40.09,40.43,39.6,40.17,4080500
2023-08-28,36.83,40.12,40.29,39.56,40.09,3652500
2023-08-29,37.09,40.4,40.72,39.81,40.42,3218600
2023-08-30,36.44,39.69,40.55,39.23,40.32,2911700
2023-08-31,35.79,38.99,39.69,38.4,39.68,8412900
2023-09-01,36.54,39.8,39.85,38.88,39.21,3345500
2023-09-04,36.72,40.0,40.2,39.42,39.51,1763300
2023-09-05,36.17,39.4,40.19,39.36,39.91,2688400
2023-09-06,35.39,38.55,39.46,38.55,39.28,2219000
2023-09-08,35.3,38.45,38.83,38.27,38.41,1942500
2023-09-11,36.2,39.43,39.45,38.2,38.2,2422600
2023-09-12,37.09,40.4,40.4,39.17,39.47,3746000
2023-09-13,36.8,40.08,40.62,40.08,40.37,2605900
2023-09-14,35.81,39.01,40.39,38.88,40.05,2764800
2023-09-15,34.51,37.59,39.23,37.57,39.0,3839200
2023-09-18,35.29,38.44,38.78,37.75,37.82,2625000
2023-09-19,34.73,37.83,38.6,37.54,38.6,2857600
2023-09-20,34.69,37.79,38.08,37.28,37.84,3849100
2023-09-21,34.2,37.25,37.78,37.0,37.78,4176400
2023-09-22,34.06,37.1,37.73,36.91,37.35,3043400
2023-09-25,34.43,37.5,37.75,36.66,36.95,2979500
2023-09-26,34.0,37.03,37.68,36.87,37.3,6336300
2023-09-27,33.57,36.57,37.31,36.27,37.01,2968400
2023-09-28,33.73,36.43,36.82,36.03,36.17,2633000
2023-09-29,34.39,37.14,37.35,36.69,37.04,2436700
2023-10-02,33.43,36.11,36.89,35.81,36.48,2510200
2023-10-03,32.52,35.12,36.07,34.99,36.01,3780700
2023-10-04,33.01,35.65,36.12,35.02,35.07,3087800
2023-10-05,32.89,35.53,36.02,35.14,35.65,1718600
2023-10-06,32.57,35.18,35.63,35.0,35.05,1569500
2023-10-09,32.75,35.37,35.41,34.47,35.0,2422800
2023-10-10,33.49,36.17,36.5,35.46,35.54,5072100
2023-10-11,33.25,35.91,36.47,35.62,36.2,2767000
2023-10-13,31.52,34.04,35.92,34.02,35.9,3979600
2023-10-16,32.03,34.6,34.79,33.74,34.29,2606600
2023-10-17,31.43,33.95,34.45,33.81,34.02,2816100
2023-10-18,31.38,33.89,34.23,33.64,33.93,2668300
2023-10-19,31.31,33.82,34.38,33.65,33.9,4535100
2023-10-20,31.24,33.74,34.2,33.51,33.65,2156600
2023-10-23,31.34,33.85,34.16,33.18,33.55,2650700
2023-10-24,31.51,34.03,34.37,33.93,34.2,2673800
2023-10-25,30.73,33.19,34.15,33.12,34.0,1370400
2023-10-26,31.65,34.19,34.27,33.23,33.39,5004600
2023-10-27,29.04,31.37,34.09,30.92,34.05,11526600
2023-10-30,27.67,29.89,31.96,29.66,31.45,6183500
2023-10-31,28.04,30.29,30.56,29.61,30.07,8622800
2023-11-01,28.45,30.73,30.92,30.23,30.53,3527900
2023-11-03,29.11,31.44,31.55,30.85,31.5,7479900
2023-11-06,29.21,31.55,31.84,31.08,31.74,3476900
2023-11-07,30.02,32.42,32.55,31.28,31.41,3377500
2023-11-08,30.27,32.7,33.31,32.38,32.61,2425700
2023-11-09,29.98,32.38,33.03,32.25,33.03,2278200
2023-11-10,30.14,32.55,32.76,32.22,32.76,1849900
2023-11-13,29.51,31.87,32.54,31.84,32.54,2005600
2023-11-14,30.92,33.4,33.51,31.9,32.1,3315000
2023-11-16,31.67,34.21,34.3,33.05,33.54,7648100
2023-11-17,31.43,33.95,34.51,33.59,34.5,2695000
2023-11-20,32.13,34.7,34.9,33.74,34.15,2619600
2023-11-21,31.61,34.14,34.76,34.01,34.76,1913200
2023-11-22,31.79,34.34,35.28,34.26,34.32,3616100
2023-11-23,32.11,34.68,34.99,34.13,34.44,703900
2023-11-24,31.76,34.3,34.66,34.02,34.66,1738600
2023-11-27,30.93,33.41,34.27,33.14,34.11,2982500
2023-11-28,31.06,33.55,33.84,33.0,33.55,6735700
2023-11-29,30.74,33.2,33.98,32.87,33.61,3186500
2023-11-30,31.27,33.78,34.13,33.14,33.56,4508000
2023-12-01,31.66,34.2,34.2,33.29,33.83,2185700
2023-12-04,31.48,34.0,34.29,33.81,33.81,1535200
2023-12-05,31.96,34.52,34.62,33.9,34.0,3701200
2023-12-06,33.89,36.6,36.88,34.63,34.86,6357400
2023-12-07,33.07,35.72,36.75,35.52,36.6,2876600
2023-12-08,32.92,35.56,36.04,35.3,35.6,1561400
2023-12-11,32.59,35.2,35.56,34.8,35.56,1895000
2023-12-12,32.8,35.43,35.53,34.94,35.1,2255700
2023-12-13,33.83,36.54,36.97,35.15,35.52,3080000
2023-12-14,33.63,36.32,37.18,35.98,36.65,2364100
2023-12-15,32.39,34.99,36.74,34.99,36.23,5517100
2023-12-18,33.01,35.65,36.05,35.03,35.32,2496200
2023-12-19,33.67,36.37,36.4,35.86,35.9,1498900
2023-12-20,32.76,35.38,36.58,35.28,36.15,1510000
2023-12-21,33.01,35.65,36.1,35.36,35.83,2177300
2023-12-22,33.53,36.22,36.32,35.8,35.89,1427500
2023-12-26,33.3,35.97,36.48,35.77,36.48,1445500
2023-12-27,33.66,36.05,36.07,35.51,35.83,871700
2023-12-28,33.38,35.75,36.18,35.55,36.18,994200
2024-01-02,32.83,35.16,35.8,34.89,35.76,1237300
2024-01-03,32.54,34.85,35.43,34.72,35.19,1627100
2024-01-04,32.27,34.56,34.97,34.43,34.86,4872200
2024-01-05,32.9,35.23,35.55,34.16,34.19,1905500
2024-01-08,33.83,36.23,36.34,34.93,35.23,2257200
2024-01-09,33.03,35.37,36.11,35.01,36.0,2415700
2024-01-10,32.72,35.04,35.55,35.04,35.26,1500900
2024-01-11,32.23,34.51,35.11,34.34,35.01,2299700
2024-01-12,32.82,35.15,35.52,34.76,34.76,2488800
2024-01-15,32.2,34.48,35.17,34.37,35.15,888300
2024-01-16,31.62,33.86,34.32,33.47,34.3,1609400
2024-01-17,31.23,33.44,34.45,33.44,33.78,2214400
2024-01-18,30.93,33.12,33.59,32.58,33.45,3310200
2024-01-19,30.64,32.81,33.09,32.11,33.04,5482800
2024-01-22,30.25,32.39,33.01,32.12,32.66,1874800
2024-01-23,30.33,32.48,32.71,32.04,32.61,3050600
2024-01-24,30.08,32.21,33.12,32.17,32.77,2418900
2024-01-25,29.5,31.59,32.31,31.59,32.18,3353500
2024-01-26,29.02,31.08,31.72,30.91,31.59,3446700
2024-01-29,29.84,31.95,32.04,30.81,30.93,3510400
2024-01-30,29.15,31.22,32.03,30.66,31.97,5457500
2024-01-31,29.63,31.73,32.91,31.44,31.5,4007600
2024-02-01,29.85,31.97,32.24,31.01,31.63,4101100
2024-02-02,29.3,31.28,32.12,31.2,31.85,2748400
2024-02-05,29.32,31.3,31.48,30.91,31.21,1744600
2024-02-06,29.72,31.73,31.95,31.29,31.33,2187800
2024-02-07,30.51,32.57,32.86,31.59,31.73,3636500
2024-02-08,30.06,32.09,32.39,31.88,32.37,1961000
2024-02-09,29.83,31.85,32.37,31.7,32.1,1193900
2024-02-14,28.9,30.85,31.85,30.85,31.54,3353400
2024-02-15,29.88,31.9,32.07,31.06,31.1,5058600
2024-02-16,31.12,33.22,33.38,31.72,32.22,4767400
2024-02-19,30.47,32.53,33.32,32.4,33.32,2372600
2024-02-20,30.65,32.72,33.16,32.18,32.43,4481700
2024-02-21,30.97,33.06,33.06,32.15,32.71,3924300
2024-02-22,31.59,33.73,33.91,33.13,33.14,2799700
2024-02-23,31.41,33.53,33.95,33.31,33.74,2746000
2024-02-26,31.14,33.25,33.96,33.24,33.5,1810600
2024-02-27,31.88,34.03,34.61,33.67,33.77,2071800
2024-02-28,31.88,34.04,34.37,33.11,33.97,1945500
2024-02-29,30.8,32.88,34.03,32.88,34.02,2671800
2024-03-01,32.03,34.2,34.36,32.61,32.95,2719700
2024-03-04,31.53,33.66,34.49,33.63,34.35,2056200
2024-03-05,30.61,32.68,33.83,32.68,33.83,2907700
2024-03-06,31.27,33.38,33.97,32.88,32.96,2389200
2024-03-07,30.77,32.85,33.62,32.75,33.38,1787700
2024-03-08,30.91,33.0,33.48,32.64,32.76,1618300
2024-03-11,30.69,32.76,33.18,32.72,32.8,1154800
2024-03-12,31.45,33.58,33.68,32.52,32.99,2228400
2024-03-13,31.88,34.04,34.39,33.14,33.38,3129000
2024-03-14,30.7,32.78,34.2,32.0,33.35,12157000
2024-03-15,31.94,34.1,34.2,32.84,32.85,5184300
2024-03-18,31.2,33.31,34.59,32.93,34.1,5768000
2024-03-19,31.19,33.3,33.63,32.94,33.24,2435300
2024-03-20,32.6,34.8,34.95,33.15,33.2,2550100
2024-03-21,32.6,34.8,34.9,34.35,34.58,1554300
2024-03-22,32.04,34.11,34.74,34.04,34.28,1485700
2024-03-25,32.03,34.1,34.36,33.73,34.31,1092600
2024-03-26,31.31,33.33,34.14,33.28,34.13,1789300
2024-03-27,31.37,33.4,33.66,33.1,33.34,982100
2024-03-28,30.93,32.93,33.45,32.39,33.33,3567600
2024-04-01,30.35,32.31,33.06,32.3,33.06,2176400
2024-04-02,30.06,32.0,32.45,31.78,32.2,1281100
2024-04-03,29.65,31.57,32.02,31.22,32.01,2328900
2024-04-04,29.71,31.63,32.58,31.54,31.62,2380500
2024-04-05,29.33,31.23,32.2,31.23,31.65,3585500
2024-04-08,29.26,31.15,31.63,30.9,31.24,3336400
2024-04-09,29.45,31.35,31.83,31.19,31.19,4557800
2024-04-10,28.89,30.76,31.48,30.63,31.3,6300400
2024-04-11,28.29,30.12,30.96,30.01,30.77,2953100
2024-04-12,28.23,30.05,30.17,29.74,30.11,2849600
2024-04-15,27.6,29.38,30.15,29.3,30.0,4138000
2024-04-16,27.63,29.42,29.83,28.95,29.31,2692300
2024-04-17,26.58,28.3,29.66,28.17,29.66,6282200
2024-04-18,26.68,28.4,28.47,27.5,28.34,4888700
2024-04-19,26.63,28.35,28.83,28.03,28.4,4857700
2024-04-22,27.24,29.0,29.25,28.22,28.23,4237900
2024-04-23,27.32,29.09,29.25,28.54,28.85,3110300
2024-04-24,27.12,28.78,29.15,28.68,28.79,2955900
2024-04-25,25.59,27.15,28.98,27.11,28.79,4903200
2024-04-26,26.91,28.55,28.66,27.31,27.4,7505700
2024-04-29,28.35,30.08,30.39,29.2,29.36,9174200
2024-04-30,27.82,29.52,30.07,29.09,29.92,4026300
2024-05-02,28.08,29.79,30.22,29.79,30.19,5478600
2024-05-03,28.52,30.26,30.61,29.91,30.43,7936200
2024-05-06,28.3,30.03,30.43,29.94,30.14,1449900
2024-05-07,28.41,30.14,30.5,30.0,30.14,2624100
2024-05-08,28.7,30.45,30.45,29.59,29.92,1802000
2024-05-09,28.64,30.39,30.49,29.68,30.07,1520600
2024-05-10,28.3,30.03,30.56,29.81,30.3,2476600
2024-05-13,28.61,30.36,30.51,29.95,30.07,2284700
2024-05-14,28.67,30.42,30.63,30.25,30.46,1282200
2024-05-15,28.61,30.36,30.54,30.02,30.5,1417700
2024-05-16,28.54,30.28,30.56,30.02,30.56,3266700
2024-05-17,28.58,30.33,30.46,30.0,30.04,2725600
2024-05-20,29.09,30.87,30.97,29.96,30.0,4145100
2024-05-21,28.41,30.15,31.06,30.0,30.97,1936600
2024-05-22,28.36,30.09,30.26,28.83,30.0,6078000
2024-05-23,28.36,30.09,30.42,29.79,29.9,1634000
2024-05-24,28.08,29.7,30.21,29.53,29.74,3133000
2024-05-27,28.32,29.95,30.02,29.58,29.7,1169700
2024-05-28,28.27,29.9,30.35,29.61,30.35,6719600
2024-05-29,26.57,28.1,29.89,27.85,29.8,8179000
2024-05-31,25.67,27.15,28.32,26.72,28.25,6570200
2024-06-03,27.05,28.61,28.87,27.11,27.11,5191200
2024-06-04,26.86,28.41,28.8,28.08,28.62,5569400
2024-06-05,27.15,28.72,28.92,28.04,28.25,5553800
2024-06-06,27.48,29.06,29.61,28.5,28.54,1647400
2024-06-07,27.15,28.71,28.93,28.32,28.32,1844700
2024-06-10,27.23,28.8,28.91,28.37,28.61,1258700
2024-06-11,27.44,29.02,29.46,28.69,29.15,1163800
2024-06-12,27.14,28.7,29.38,28.26,29.18,5796300
2024-06-13,27.05,28.61,28.94,28.41,28.41,2348700
2024-06-14,27.17,28.74,28.92,28.18,28.27,1551700
2024-06-17,27.14,28.7,28.86,28.5,28.74,2850700
2024-06-18,27.25,28.82,28.89,28.46,28.65,5412300
2024-06-19,27.81,29.41,29.41,28.64,28.81,5029200
2024-06-20,27.22,28.79,29.86,28.57,29.5,3288100
2024-06-21,27.47,29.05,29.05,28.38,28.92,4962600
2024-06-24,27.74,29.24,29.42,28.82,28.97,1611100
2024-06-25,27.88,29.39,29.42,28.98,29.26,1496200
2024-06-26,27.58,29.07,29.29,28.73,29.09,1488100
2024-06-27,27.82,29.32,29.4,28.83,28.83,1497500
2024-06-28,27.23,28.7,29.43,28.7,28.96,2685700
2024-07-01,27.46,28.94,29.05,27.98,28.23,6463700
2024-07-02,27.23,28.7,29.29,28.65,28.71,2376600
2024-07-03,27.4,28.88,29.21,28.62,28.91,3188600
2024-07-04,27.35,28.83,29.24,28.6,29.24,1602200
2024-07-05,27.46,28.95,29.5,28.7,29.09,1860500
2024-07-08,27.26,28.73,29.22,28.41,28.95,3860600
2024-07-09,27.58,29.07,29.07,28.42,28.5,3038100
2024-07-10,27.71,29.21,29.59,28.91,29.14,1498600
2024-07-11,27.31,28.79,29.48,28.73,29.31,2797500
2024-07-12,27.96,29.47,29.47,28.3,28.66,2026600
2024-07-15,27.42,28.9,29.39,28.61,29.36,3293600
2024-07-16,27.51,29.0,29.19,28.8,28.87,5017300
2024-07-17,27.3,28.78,29.14,28.53,28.8,4395900
2024-07-18,26.72,28.17,28.83,28.15,28.73,2020900
2024-07-19,26.91,28.37,28.5,28.03,28.35,6045000
2024-07-22,27.49,28.98,29.0,28.33,28.38,3109900
2024-07-23,27.22,28.69,29.08,28.23,28.88,4081000
2024-07-24,26.56,28.0,28.75,27.85,28.65,8813500
2024-07-25,26.56,27.9,28.1,27.69,27.94,4689900
2024-07-26,28.09,29.51,29.51,27.38,28.1,18065500
2024-07-29,28.04,29.45,29.66,29.1,29.1,6940400
2024-07-30,28.11,29.53,29.54,29.11,29.45,3992300
2024-07-31,27.42,28.8,29.53,28.68,29.53,3231300
2024-08-01,26.81,28.16,28.81,27.91,28.76,4125600
2024-08-02,26.89,28.25,28.71,28.1,28.2,1964500
2024-08-05,27.66,29.05,29.14,27.6,27.96,5063800
2024-08-06,27.99,29.4,30.04,28.77,28.9,5612900
2024-08-07,28.27,29.7,29.74,29.31,29.44,1871300
2024-08-08,28.23,29.65,29.93,29.56,29.69,2671500
2024-08-09,28.0,29.41,29.84,29.32,29.77,2316200
2024-08-12,28.64,30.08,30.29,29.4,29.68,3448400
2024-08-13,29.66,31.15,31.17,29.12,29.38,6398700
2024-08-14,30.13,31.65,31.8,30.64,31.0,3856200
2024-08-15,29.81,31.31,31.66,31.19,31.6,2272900
2024-08-16,29.5,30.99,31.56,30.93,31.45,2843200
2024-08-19,30.72,32.27,32.36,30.84,31.21,4455000
2024-08-20,30.27,31.8,32.18,31.61,31.95,2217200
2024-08-21,30.33,31.86,31.92,31.37,31.9,2358800
2024-08-22,29.37,30.85,32.1,30.7,31.87,3327100
2024-08-23,29.54,31.03,31.26,30.67,30.91,2125600
2024-08-26,29.27,30.75,31.14,30.49,31.03,2261800
2024-08-27,28.51,29.95,30.81,29.83,30.8,3372600
2024-08-28,28.77,30.22,30.35,29.58,29.82,2270100
2024-08-29,27.73,29.13,30.33,29.01,30.22,3278800
2024-08-30,27.17,28.54,29.14,28.3,29.03,6158700
2024-09-02,26.8,28.15,28.63,27.99,28.54,2909300
2024-09-03,26.7,28.05,28.47,27.88,28.21,3616600
2024-09-04,26.92,28.28,28.56,27.98,28.41,4505000
2024-09-05,27.23,28.6,28.6,28.09,28.3,3515900
2024-09-06,26.96,28.32,28.91,28.23,28.65,2668400
2024-09-09,26.88,28.23,28.55,27.94,28.34,2430800
2024-09-10,26.95,28.31,28.35,27.81,28.2,5469700
2024-09-11,27.85,29.25,29.25,28.23,28.25,3269700
2024-09-12,27.01,28.37,29.21,28.17,28.99,3232300
2024-09-13,27.68,29.08,29.38,28.19,28.29,5926100
2024-09-16,27.67,29.06,29.96,29.0,29.08,2037700
2024-09-17,27.88,29.28,29.29,28.85,29.06,1575700
2024-09-18,27.57,28.96,29.6,28.87,29.0,1524000
2024-09-19,26.92,28.28,29.12,28.28,29.05,1716100
2024-09-20,26.0,27.31,28.51,27.22,27.95,8556400
2024-09-23,25.8,27.1,27.33,26.79,27.31,2566900
2024-09-24,25.71,26.81,27.27,26.8,27.15,1841600
2024-09-25,24.98,26.05,26.9,25.99,26.9,4143900
2024-09-26,25.18,26.26,26.68,26.1,26.22,3333400
2024-09-27,25.6,26.7,27.07,26.25,26.25,4376800
2024-09-30,25.15,26.23,26.73,26.0,26.7,5246000
2024-10-01,25.52,26.61,26.84,26.29,26.37,3938000
2024-10-02,25.62,26.72,27.36,26.66,27.21,3610300
2024-10-03,25.39,26.48,26.67,26.26,26.4,4777600
2024-10-04,25.7,26.8,26.91,26.3,26.4,2640500
2024-10-07,26.23,27.35,27.38,26.76,26.98,6276700
2024-10-08,26.42,27.55,27.65,27.35,27.38,3831400
2024-10-09,25.78,26.88,27.4,26.78,27.28,4360100
2024-10-10,25.58,26.68,27.25,26.51,26.71,3522500
2024-10-11,25.53,26.62,27.0,26.37,26.45,4102100
2024-10-14,26.02,27.13,27.58,26.65,26.81,4610600
2024-10-15,26.03,27.14,27.6,27.06,27.13,2870100
2024-10-16,25.66,26.76,27.34,26.69,27.15,7498100
2024-10-17,24.87,25.94,26.62,25.87,26.5,6549800
2024-10-18,24.62,25.67,26.04,25.35,26.0,6032800
2024-10-21,25.09,26.16,26.92,21.21,22.0,44544900
2024-10-22,26.96,28.11,28.14,26.28,26.28,11627100
2024-10-23,26.2,27.32,28.07,26.1,27.87,10856200
2024-10-24,26.6,27.74,28.59,25.31,25.33,37160400
2024-10-25,25.12,26.2,27.62,25.91,27.5,13663300
2024-10-28,22.94,23.92,25.99,23.86,25.99,15425700
2024-10-29,23.1,24.09,24.5,23.72,23.92,7600400
2024-10-30,23.11,24.1,24.56,23.91,24.49,3670000
2024-10-31,21.19,22.1,23.14,21.83,22.45,16243300
2024-11-01,21.79,22.72,23.15,22.28,22.3,9578000
2024-11-04,21.36,22.27,23.14,22.06,22.99,7017500
2024-11-05,21.38,22.3,22.49,22.1,22.27,2899000
2024-11-06,21.18,22.09,22.32,21.87,22.0,5724800
2024-11-07,20.64,21.52,22.38,21.09,22.01,7368100
2024-11-08,20.09,20.95,21.4,20.63,21.21,9637200
2024-11-11,20.11,20.97,21.23,20.87,20.9,4486500
2024-11-12,19.86,20.71,21.07,20.44,21.0,5685400
2024-11-13,19.82,20.67,20.85,20.35,20.75,5811200
2024-11-14,19.75,20.6,21.39,20.49,20.6,7406700
2024-11-18,19.86,20.71,21.11,20.43,20.48,6117900
2024-11-19,19.66,20.5,20.79,20.46,20.77,5115700
2024-11-21,19.23,20.05,20.34,20.0,20.26,4493600
2024-11-22,19.35,20.18,20.28,19.93,20.28,3781700
2024-11-25,19.44,20.27,20.52,20.09,20.09,4769700
2024-11-26,19.5,20.33,20.51,20.11,20.51,3522300
2024-11-27,19.17,19.99,20.5,19.91,20.35,4214800
2024-11-28,18.84,19.65,19.99,19.55,19.98,3588400
2024-11-29,18.72,19.52,19.71,19.17,19.59,5575700
2024-12-02,18.87,19.68,19.98,19.43,19.49,3220300
2024-12-03,19.08,19.9,19.9,19.5,19.68,2885200
2024-12-04,18.81,19.62,20.05,19.61,19.9,4256100
2024-12-05,18.99,19.8,20.04,19.62,19.8,4471700
2024-12-06,18.21,18.99,19.78,18.9,19.75,3591400
2024-12-09,18.17,18.95,19.34,18.88,19.05,3077900
2024-12-10,18.22,19.0,19.14,18.81,19.09,5305900
2024-12-11,18.39,19.18,19.52,18.78,18.95,5630600
2024-12-12,17.9,18.67,19.11,18.66,19.05,6587000
2024-12-13,17.66,18.42,18.62,18.17,18.6,5295400
2024-12-16,17.25,17.99,18.6,17.93,18.45,5602000
2024-12-17,17.04,17.77,18.2,17.7,18.01,7292100
2024-12-18,16.11,16.8,17.81,16.78,17.8,5686100
2024-12-19,16.54,17.25,17.46,16.62,16.74,7793600
2024-12-20,17.31,18.05,18.47,17.13,17.31,12241300
2024-12-23,17.88,18.65,19.32,18.09,18.15,9214700
2024-12-26,17.42,18.17,18.85,18.14,18.4,4362300
2024-12-27,17.29,18.03,18.46,17.97,18.38,3779300
2024-12-30,17.63,18.09,18.3,17.65,17.93,4149600
2025-01-02,17.38,17.83,18.09,17.63,17.87,2512400
2025-01-03,17.47,17.92,17.92,17.61,17.83,9451200
2025-01-06,17.57,18.03,18.59,18.03,18.1,4008900
2025-01-07,17.55,18.01,18.76,17.97,18.31,4487100
2025-01-08,17.57,18.03,18.32,17.82,17.9,3167900
2025-01-09,17.48,17.93,18.18,17.71,18.0,3113700
2025-01-10,17.37,17.82,18.07,17.73,17.82,4876500
2025-01-13,17.52,17.98,18.22,17.74,17.78,4927000
2025-01-14,17.61,18.07,18.26,17.82,17.87,4147200
2025-01-15,17.93,18.4,18.48,18.05,18.28,3455100
2025-01-16,17.63,18.09,18.35,17.95,18.22,2433300
2025-01-17,17.83,18.29,18.4,17.78,18.09,4948800
2025-01-20,17.91,18.38,18.47,17.92,18.27,2128200
2025-01-21,17.97,18.44,18.49,18.19,18.29,3239500
2025-01-22,17.87,18.33,18.55,18.18,18.44,4620700
2025-01-23,17.88,18.34,18.53,18.06,18.49,3245100
2025-01-24,17.93,18.4,18.63,18.26,18.52,6822200
2025-01-27,18.32,18.8,18.93,18.31,18.41,6568100
2025-01-28,17.71,18.17,19.02,18.09,18.88,3529600
2025-01-29,17.64,18.1,18.34,18.02,18.17,1344000
2025-01-30,17.93,18.4,18.57,18.12,18.12,3739100
2025-01-31,17.82,18.28,18.6,18.08,18.45,3963700
2025-02-03,18.27,18.75,18.96,18.09,18.28,4552700
2025-02-04,18.5,18.98,19.18,18.44,18.68,3073100
2025-02-05,18.49,18.97,19.13,18.78,19.1,2840000
2025-02-06,18.52,19.0,19.09,18.87,18.87,2292800
2025-02-07,18.08,18.55,18.99,18.48,18.99,4818000
2025-02-10,18.28,18.76,19.07,18.57,18.82,2650600
2025-02-11,18.69,19.18,19.34,18.78,18.87,4062400
2025-02-12,18.9,19.39,19.59,18.71,18.82,8135600
2025-02-13,18.86,19.35,19.49,18.97,19.29,6099300
2025-02-14,19.22,19.72,19.85,19.38,19.38,3359000
2025-02-17,19.61,20.12,20.54,19.64,19.75,5431000
2025-02-18,19.98,20.5,20.7,20.01,20.08,6419400
2025-02-19,19.47,19.98,20.48,19.93,20.35,4674100
2025-02-20,19.5,20.01,20.15,19.92,20.0,3117200
2025-02-21,19.03,19.52,20.1,19.4,19.96,6407300
2025-02-24,18.71,19.2,19.69,19.0,19.69,4802100
2025-02-25,18.71,19.2,19.54,19.2,19.24,41440200
2025-02-26,18.76,19.25,19.48,19.14,19.32,4417200
2025-02-27,18.77,19.26,19.43,19.14,19.27,4482700
2025-02-28,18.57,19.05,19.37,18.66,19.1,47624900
2025-03-05,19.1,19.6,19.9,18.32,18.64,5016600
2025-03-06,19.17,19.67,20.05,19.49,19.73,3065600
2025-03-07,19.04,19.54,19.78,19.39,19.54,2999400
2025-03-10,18.55,19.03,20.13,18.95,19.43,11084400
2025-03-11,18.71,19.2,19.45,19.0,19.03,4142700
2025-03-12,19.24,19.74,19.95,19.09,19.27,3314900
2025-03-13,19.62,20.13,20.25,19.72,19.8,2439600
2025-03-14,19.82,20.34,20.51,20.15,20.28,2825500
2025-03-17,20.01,20.53,20.69,19.87,20.31,2914600
2025-03-18,19.7,20.21,20.56,20.05,20.44,3140200
2025-03-19,19.57,20.08,20.31,19.96,20.24,4776500
2025-03-20,19.11,19.61,20.15,19.47,20.0,7018200
2025-03-21,19.86,20.38,21.06,18.69,18.69,10614200
2025-03-24,19.55,20.06,20.83,19.99,20.46,3359100
2025-03-25,19.7,20.21,20.47,20.0,20.01,2503400
2025-03-26,19.4,19.9,20.39,19.45,20.3,3259800
2025-03-27,19.23,19.73,20.07,19.52,19.9,2472200
2025-03-28,19.55,19.76,20.15,19.2,19.48,3102900
2025-03-31,19.16,19.37,19.63,19.23,19.56,2456200
2025-04-01,19.34,19.55,19.84,19.16,19.18,2001100
2025-04-02,19.95,20.17,20.43,19.54,19.67,3298900
2025-04-03,20.33,20.55,20.72,20.11,20.11,2907600
2025-04-04,20.11,20.33,20.59,19.95,20.36,2378400
2025-04-07,19.86,20.07,20.56,19.69,19.97,3162800
2025-04-08,19.16,19.37,20.11,19.06,19.94,6557100
2025-04-09,19.55,19.76,20.3,19.17,19.29,3328700
2025-04-10,19.13,19.34,19.79,19.18,19.64,2565300
2025-04-11,19.16,19.37,19.63,19.22,19.63,1413000
2025-04-14,19.51,19.72,19.75,19.5,19.62,2016700
2025-04-15,19.57,19.78,19.98,19.53,19.53,1743500
2025-04-16,19.65,19.86,20.21,19.72,19.72,2973200
2025-04-17,19.76,19.97,20.01,19.56,19.6,2559200
2025-04-22,20.34,20.56,20.65,19.83,19.97,3192400
2025-04-23,20.8,21.02,21.65,20.72,20.83,3198200
2025-04-24,23.35,23.6,23.68,20.51,20.51,10976100
2025-04-25,23.77,24.03,24.44,23.05,23.39,5424000
2025-04-28,22.83,23.08,23.93,22.97,23.85,3066800
2025-04-29,23.07,23.32,23.61,22.88,22.88,2581900
2025-04-30,23.86,24.12,24.12,23.0,23.0,3393400
2025-05-02,22.72,22.97,24.04,22.77,24.0,4437500
2025-05-05,22.54,22.78,23.09,22.63,22.75,3631600
2025-05-06,23.03,23.28,23.52,22.88,23.05,1986800
2025-05-07,22.56,22.8,23.56,22.56,23.56,2286100
2025-05-08,22.56,22.8,23.58,22.64,23.57,3972400
2025-05-09,22.79,23.04,23.04,22.42,22.95,2865100
2025-05-12,22.89,23.14,23.25,22.64,23.17,2093200
2025-05-13,23.17,23.42,23.74,22.96,23.26,2513600
2025-05-14,24.14,24.4,24.56,23.41,23.57,3984200
2025-05-15,24.43,24.69,25.07,24.5,24.5,4214000
2025-05-16,24.65,24.92,25.04,24.47,24.58,2377800
2025-05-19,24.78,25.05,25.38,24.87,24.92,1772200
2025-05-20,24.49,24.75,25.36,24.42,25.07,3917200
2025-05-21,23.47,23.72,24.76,23.63,24.75,2210500
2025-05-22,23.94,24.2,25.1,23.64,23.74,5189400
2025-05-23,24.19,24.45,24.74,23.04,24.2,2504000
2025-05-26,24.91,25.18,25.48,24.48,24.48,2185300
2025-05-27,25.39,25.66,26.25,25.32,25.5,2768600
2025-05-28,24.97,25.24,25.88,24.92,25.7,2842800
2025-05-29,25.13,25.4,25.58,24.99,25.24,1607600
2025-05-30,25.13,25.4,25.51,24.9,25.39,4320100
2025-06-02,25.06,25.33,25.75,25.1,25.49,859800
2025-06-03,25.41,25.68,25.9,25.02,25.02,1688100
2025-06-04,26.03,26.31,26.77,25.7,25.7,5651700
2025-06-05,26.12,26.4,26.85,26.02,26.45,3255600
2025-06-06,25.71,25.99,26.83,25.92,26.54,2882200
2025-06-09,25.65,25.93,26.06,25.4,25.92,1743200
2025-06-10,26.31,26.59,26.92,25.7,25.93,2888600
2025-06-11,26.56,26.85,27.29,26.25,26.36,4100000
2025-06-12,27.24,27.53,27.67,26.31,26.33,5022900
2025-06-13,27.5,27.8,28.15,27.0,27.0,5278000
2025-06-16,28.11,28.41,28.87,27.75,27.95,3477600
2025-06-17,27.5,27.8,28.74,27.72,28.41,3917100
2025-06-18,27.39,27.69,28.65,27.51,28.42,5366100
2025-06-20,27.18,27.47,27.77,27.27,27.51,6643400
2025-06-23,27.48,27.78,27.89,27.28,27.46,3374900
2025-06-24,27.7,28.0,28.26,27.79,27.92,2464500
2025-06-25,27.07,27.36,28.17,26.83,27.85,5440400
2025-06-26,27.09,27.38,27.59,26.95,27.51,2830100
2025-06-27,26.85,26.85,27.11,26.72,26.84,1458500
2025-06-30,27.19,27.19,27.37,26.64,26.66,1849700
2025-07-01,27.71,27.71,27.78,27.12,27.34,2765400
2025-07-02,27.45,27.45,27.94,27.05,27.81,2352400
2025-07-03,27.5,27.5,28.0,27.35,27.47,3662400
2025-07-04,27.7,27.7,28.29,27.53,27.65,1718300
2025-07-07,27.8,27.8,28.25,27.6,27.8,2379700
2025-07-08,27.57,27.57,27.96,27.31,27.91,1876300
2025-07-09,27.13,27.13,27.63,26.95,27.4,1891900
2025-07-10,27.09,27.09,27.16,26.26,26.71,1619900
2025-07-11,27.01,27.01,27.33,26.61,27.04,1416500
2025-07-14,26.89,26.89,27.05,26.61,26.9,2728600
2025-07-15,27.2,27.2,27.32,26.91,27.0,2077600
2025-07-16,27.97,27.97,28.35,27.08,27.4,7425700
2025-07-17,26.73,26.73,27.91,26.69,27.9,3608400
2025-07-18,26.42,26.42,26.96,26.09,26.61,2741700
2025-07-21,26.02,26.02,26.64,25.78,26.47,3645600
2025-07-22,25.92,25.92,26.25,25.74,26.01,1334500
2025-07-23,26.48,26.48,26.66,25.56,25.85,1696600
2025-07-24,26.16,26.16,26.45,25.95,25.98,1715300
2025-07-25,26.26,26.26,26.38,26.0,26.18,1361100
2025-07-28,25.87,25.87,26.53,25.57,26.26,2151400
2025-07-29,25.8,25.8,25.89,25.41,25.85,2076000
2025-07-30,26.04,26.04,26.39,25.44,25.55,1546600
2025-07-31,25.71,25.71,25.95,25.2,25.8,1877300
2025-08-01,25.88,25.88,26.24,25.55,26.15,2375000
2025-08-04,25.25,25.25,26.4,25.09,25.89,3934400
2025-08-05,25.06,25.06,25.3,24.75,25.3,3444300
2025-08-06,25.16,25.16,25.32,24.7,25.3,3554700
2025-08-07,24.22,24.22,25.56,23.89,25.45,8053300
2025-08-08,23.19,23.19,24.29,22.97,24.29,6054000
2025-08-11,23.1,23.1,23.38,22.81,23.17,2317600
2025-08-12,22.81,22.81,23.72,22.36,23.16,4226100
2025-08-13,22.93,22.93,23.11,22.46,22.8,5001500
2025-08-14,23.0,23.0,23.38,22.64,22.7,2472300
2025-08-15,22.82,22.82,23.1,22.56,22.94,1294500
2025-08-18,23.05,23.05,23.11,22.78,22.9,1148100
2025-08-19,23.16,23.16,23.4,22.79,23.05,3773200
2025-08-20,23.25,23.25,23.61,22.95,22.96,3239700
2025-08-21,23.24,23.24,23.4,23.03,23.11,2891100
2025-08-22,23.75,23.75,24.05,23.25,23.42,2904400
2025-08-25,23.57,23.57,24.17,23.35,23.88,1525700
2025-08-26,23.49,23.49,23.79,23.49,23.67,1420100
2025-08-27,23.95,23.95,24.0,23.39,23.59,1891800
2025-08-28,24.3,24.3,24.46,23.72,24.12,3202700
2025-08-29,24.4,24.4,24.66,24.27,24.29,4456300
